Chrom	WindowStart	WindowEnd	tP	nSites
X	2	10000	23.126602	9219
X	10001	20000	49.503667	9496
X	20001	30000	21.542686	9584
X	30001	40000	28.423716	9903
X	40001	50000	20.089180	9999
X	50001	60000	22.894918	9988
X	60001	70000	41.275317	9574
X	70001	80000	32.861455	9979
X	80001	90000	13.264030	9999
X	90001	100000	26.933974	9979
X	100001	110000	20.612833	9999
X	110001	120000	32.245351	9994
X	120001	130000	22.999944	9999
X	130001	140000	25.225834	9999
X	140001	150000	33.990775	9999
X	150001	160000	30.206160	9979
X	160001	170000	35.695035	9999
X	170001	180000	51.733856	9999
X	180001	190000	33.587808	9995
X	190001	200000	24.713798	9998
X	200001	210000	32.659918	9979
X	210001	220000	32.945289	9997
X	220001	230000	27.419773	9999
X	230001	240000	43.206769	9999
X	240001	250000	47.429121	9999
X	250001	260000	34.728112	9996
X	260001	270000	53.563777	9999
X	270001	280000	63.957766	9999
X	280001	290000	48.041285	9999
X	290001	300000	33.911704	9999
X	300001	310000	52.226836	9745
X	310001	320000	38.675240	9998
X	320001	330000	52.309567	9999
X	330001	340000	48.658857	9999
X	340001	350000	50.113228	9977
X	350001	360000	71.164670	9927
X	360001	370000	78.388091	9972
X	370001	380000	52.262637	9975
X	380001	390000	33.911581	9999
X	390001	400000	47.990099	9633
X	400001	410000	72.810851	9783
X	410001	420000	59.150216	9980
X	420001	430000	52.929048	9994
X	430001	440000	44.653358	9997
X	440001	450000	71.433536	9999
X	450001	460000	84.201366	9998
X	460001	470000	65.514048	9962
X	470001	480000	63.260016	9999
X	480001	490000	75.822176	9990
X	490001	500000	83.335595	9991
X	500001	510000	97.639594	9999
X	510001	520000	72.574177	9857
X	520001	530000	86.995024	9983
X	530001	540000	92.072675	9998
X	540001	550000	114.924535	9651
X	550001	560000	128.369181	9997
X	560001	570000	111.142919	9998
X	570001	580000	92.068659	9996
X	580001	590000	91.426772	9964
X	590001	600000	134.545486	9780
X	600001	610000	69.766134	9841
X	610001	620000	71.257081	9939
X	620001	630000	115.592268	9878
X	630001	640000	104.413242	9996
X	640001	650000	113.895376	9909
X	650001	660000	116.349685	9628
X	660001	670000	102.846976	8909
X	670001	680000	143.504073	9998
X	680001	690000	98.867735	9999
X	690001	700000	91.609306	9999
X	700001	710000	93.166878	9231
X	710001	720000	113.381547	9848
X	720001	730000	75.288563	9999
X	730001	740000	77.887296	9999
X	740001	750000	97.456439	9990
X	750001	760000	95.361891	9222
X	760001	770000	93.682574	9998
X	770001	780000	102.538048	9851
X	780001	790000	74.583462	9536
X	790001	800000	73.538938	9541
X	800001	810000	77.141587	9999
X	810001	820000	90.684126	9999
X	820001	830000	92.943869	9999
X	830001	840000	75.426021	9999
X	840001	850000	78.792376	9999
X	850001	860000	104.384866	9897
X	860001	870000	88.104614	9999
X	870001	880000	70.825746	9950
X	880001	890000	79.725065	9999
X	890001	900000	87.151056	9999
X	900001	910000	91.954377	9769
X	910001	920000	81.511264	9999
X	920001	930000	82.479809	9871
X	930001	940000	78.688043	9999
X	940001	950000	73.176184	9763
X	950001	960000	83.180384	9559
X	960001	970000	102.860101	9978
X	970001	980000	97.132206	9873
X	990435	1000000	64.924731	9563
X	1000001	1010000	88.218536	9535
X	1010001	1020000	60.049347	9979
X	1020001	1030000	43.398461	8529
X	1030001	1040000	102.597359	9767
X	1040001	1050000	112.761604	9463
X	1050001	1060000	82.391842	9999
X	1060001	1070000	97.487713	9193
X	1070001	1080000	111.854013	9974
X	1080001	1090000	116.112177	9913
X	1090001	1100000	95.142123	9922
X	1100001	1110000	77.808157	9979
X	1110001	1120000	50.532943	9999
X	1120001	1130000	73.718421	9999
X	1130001	1140000	132.850045	9997
X	1140001	1150000	99.372187	9182
X	1150001	1160000	80.786574	9498
X	1160001	1170000	104.480959	9999
X	1170001	1180000	125.455725	9999
X	1180001	1190000	118.468905	9999
X	1190001	1200000	114.698213	9999
X	1200001	1210000	95.350633	9999
X	1210001	1220000	102.631267	9994
X	1220001	1230000	95.993496	9651
X	1230001	1240000	115.824347	9999
X	1240001	1250000	77.212401	9728
X	1250001	1260000	73.168942	9999
X	1260001	1270000	81.996447	9999
X	1270001	1280000	92.165582	9999
X	1280001	1290000	75.962678	9979
X	1290001	1300000	49.514331	9979
X	1300001	1310000	44.624549	9893
X	1310001	1320000	51.993312	9999
X	1320001	1330000	72.094015	9352
X	1330001	1340000	119.208452	9979
X	1340001	1350000	82.347606	9952
X	1350001	1360000	68.254087	9977
X	1360001	1370000	97.210781	9999
X	1370001	1380000	64.964600	9943
X	1390223	1400000	104.904798	8987
X	1400001	1410000	104.367154	9999
X	1410001	1420000	76.730291	9999
X	1420001	1430000	54.821782	9999
X	1430001	1440000	73.075641	9999
X	1440001	1450000	80.658493	9999
X	1450001	1460000	71.216168	9999
X	1460001	1470000	60.947884	9999
X	1470001	1480000	69.392408	9845
X	1480001	1490000	85.240481	9999
X	1490001	1500000	77.024562	9979
X	1500001	1510000	81.026972	9999
X	1510001	1520000	71.206651	9979
X	1520001	1530000	55.620147	9999
X	1530001	1540000	74.678765	9999
X	1540001	1550000	64.144412	9999
X	1550001	1560000	55.369438	9999
X	1560001	1570000	72.839909	9320
X	1570001	1580000	69.224619	9970
X	1580001	1590000	70.161074	9524
X	1590001	1600000	110.141652	9964
X	1600001	1610000	115.324348	9849
X	1610001	1620000	62.651003	9999
X	1620001	1630000	73.724380	9999
X	1630001	1640000	103.657013	8504
X	1640001	1650000	84.062378	9998
X	1650001	1660000	97.252072	9999
X	1660001	1670000	99.797878	9489
X	1670001	1680000	88.889086	9999
X	1680001	1690000	76.229255	9979
X	1690001	1700000	101.146218	9963
X	1700001	1710000	86.725843	9999
X	1710001	1720000	103.139437	9885
X	1720001	1730000	89.632344	9999
X	1730001	1740000	75.076159	9650
X	1740001	1750000	108.982602	9999
X	1750001	1760000	86.913212	9999
X	1760001	1770000	105.354211	9978
X	1770001	1780000	76.389444	9979
X	1780001	1790000	83.717507	9999
X	1790001	1800000	90.049361	9965
X	1800001	1810000	75.845089	9999
X	1810001	1820000	88.493584	9566
X	1820001	1830000	106.557909	9992
X	1830001	1840000	77.987980	9959
X	1840001	1850000	48.594342	9944
X	1850001	1860000	63.677955	9999
X	1860001	1870000	67.546914	9566
X	1870001	1880000	110.841555	9295
X	1880001	1890000	107.482536	9874
X	1890001	1900000	80.900381	9999
X	1900001	1910000	110.453877	9999
X	1910001	1920000	82.085886	9511
X	1920001	1930000	106.052462	9999
X	1930001	1940000	97.824810	9786
X	1940001	1950000	100.323163	9598
X	1950001	1960000	100.286235	9999
X	1960001	1970000	67.090140	9502
X	1970001	1980000	126.943699	9979
X	1980001	1990000	99.043462	9999
X	1990001	2000000	93.938086	9999
X	2000001	2010000	64.510130	9999
X	2010001	2020000	67.553281	9999
X	2020001	2030000	65.845285	9999
X	2030001	2040000	71.946787	9999
X	2040001	2050000	82.329172	9392
X	2050001	2060000	99.795899	9998
X	2060001	2070000	52.093574	9720
X	2070001	2080000	73.188422	9843
X	2080001	2090000	70.122713	9998
X	2090001	2100000	57.147375	9997
X	2100001	2110000	48.068011	9970
X	2110001	2120000	62.955223	9999
X	2120001	2130000	61.030074	9924
X	2130001	2140000	43.629910	9998
X	2140001	2150000	56.961810	9999
X	2150001	2160000	53.427448	9687
X	2160001	2170000	56.231386	9999
X	2170001	2180000	68.959914	9562
X	2180001	2190000	78.980517	9967
X	2190001	2200000	90.117605	9994
X	2200001	2210000	99.298693	9977
X	2210001	2220000	71.540761	9773
X	2220001	2230000	84.979519	9651
X	2230001	2240000	79.562302	9979
X	2240001	2250000	93.013974	9996
X	2250001	2260000	91.541489	9998
X	2260001	2270000	71.010178	9770
X	2270001	2280000	77.169352	9995
X	2280001	2290000	107.832637	9969
X	2290001	2300000	90.420737	9380
X	2300001	2310000	92.638494	9977
X	2310001	2320000	65.043936	9994
X	2320001	2330000	87.577541	9858
X	2330001	2340000	91.314478	9917
X	2340001	2350000	65.606519	9997
X	2350001	2360000	93.743812	9866
X	2360001	2370000	102.569888	9979
X	2370001	2380000	84.049528	9737
X	2380001	2390000	56.368843	9999
X	2390001	2400000	91.571009	9979
X	2400001	2410000	80.973776	9999
X	2410001	2420000	67.512353	9934
X	2420001	2430000	84.418898	9998
X	2430001	2440000	76.355971	9986
X	2440001	2450000	101.154012	9922
X	2450001	2460000	88.016095	9990
X	2460001	2470000	79.340953	9995
X	2470001	2480000	71.141911	9970
X	2480001	2490000	74.884209	9886
X	2490001	2500000	99.135344	9962
X	2500001	2510000	59.035279	9998
X	2510001	2520000	62.858183	9992
X	2520001	2530000	56.222879	9999
X	2530001	2540000	74.387199	9999
X	2540001	2550000	90.327273	9531
X	2560280	2570000	91.308347	9720
X	2570001	2580000	126.930346	9696
X	2580001	2590000	66.269909	9490
X	2590001	2600000	67.266959	9974
X	2600001	2610000	81.420765	9941
X	2610001	2620000	100.097327	9808
X	2620001	2630000	76.811721	9913
X	2630001	2640000	89.521772	9985
X	2640001	2650000	90.010896	8975
X	2650001	2660000	91.837573	9993
X	2660001	2670000	83.171653	9999
X	2670001	2680000	111.036857	9999
X	2680001	2690000	59.533305	9999
X	2690001	2700000	48.735020	9999
X	2700001	2710000	60.730992	9978
X	2710001	2720000	52.111255	9527
X	2720001	2730000	71.935296	9916
X	2730001	2740000	75.697871	9979
X	2740001	2750000	104.362012	9999
X	2750001	2760000	80.101975	9999
X	2760001	2770000	62.118624	9999
X	2770001	2780000	62.142227	9527
X	2780001	2790000	86.393140	9979
X	2790001	2800000	113.330859	9881
X	2800001	2810000	79.980785	9968
X	2810001	2820000	106.742154	9999
X	2820001	2830000	89.093543	9829
X	2830001	2840000	58.524905	9998
X	2840001	2850000	68.236884	9943
X	2850001	2860000	68.817566	9998
X	2860001	2870000	70.921222	9959
X	2870001	2880000	89.314173	9999
X	2880001	2890000	66.247172	9430
X	2890001	2900000	53.458132	9999
X	2900001	2910000	69.152027	9646
X	2910001	2920000	46.583806	9966
X	2920001	2930000	43.999023	9917
X	2930001	2940000	59.062446	9986
X	2940001	2950000	52.800798	9998
X	2950001	2960000	72.016224	9998
X	2960001	2970000	76.581954	9999
X	2970001	2980000	114.204826	9839
X	2980001	2990000	38.221443	5901
X	2990001	3000000	60.198473	9998
X	3000001	3010000	52.032119	9999
X	3010001	3020000	60.433658	9999
X	3020001	3030000	53.750242	9317
X	3030001	3040000	58.942015	9999
X	3040001	3050000	51.961475	8022
X	3050001	3060000	47.804710	9992
X	3060001	3070000	63.153295	9999
X	3070001	3080000	89.443801	9995
X	3080001	3090000	60.755283	9971
X	3090001	3100000	82.107487	9999
X	3100001	3110000	77.453844	9999
X	3110001	3120000	71.463827	9998
X	3120001	3130000	36.911973	9999
X	3130001	3140000	69.381150	9996
X	3140001	3150000	87.872152	9868
X	3150001	3160000	75.001699	9999
X	3160001	3170000	81.789863	9992
X	3170001	3180000	97.137846	9977
X	3180001	3190000	78.341816	9999
X	3190001	3200000	77.081226	9998
X	3200001	3210000	60.975784	9973
X	3210001	3220000	87.228640	9924
X	3220001	3230000	50.393463	9999
X	3230001	3240000	55.181365	9999
X	3240001	3250000	45.671487	9928
X	3250001	3260000	46.032176	9999
X	3260001	3270000	82.836653	9999
X	3270001	3280000	60.247387	9999
X	3280001	3290000	70.940737	8458
X	3290001	3300000	59.703201	9963
X	3300001	3310000	62.931366	9999
X	3310001	3320000	81.797883	9999
X	3335581	3340000	44.860579	4419
X	3350623	3360000	69.711090	9377
X	3370205	3380000	88.987491	9370
X	3380001	3390000	119.413038	9999
X	3390001	3400000	73.517504	9576
X	3400001	3410000	75.569476	9999
X	3410001	3420000	62.910445	9989
X	3420001	3430000	62.335127	9999
X	3430001	3440000	99.066540	9999
X	3440001	3450000	106.339675	9877
X	3450001	3460000	81.260857	9881
X	3460001	3470000	69.447004	9999
X	3470001	3480000	33.748354	9999
X	3480001	3490000	48.209076	9999
X	3490001	3500000	82.336987	9999
X	3500001	3510000	89.691620	9999
X	3510001	3520000	76.241519	9869
X	3520001	3530000	79.834645	9979
X	3530001	3540000	76.965335	9999
X	3540001	3550000	81.401225	9446
X	3550001	3560000	55.401850	9999
X	3560001	3570000	51.111468	8292
X	3570001	3580000	83.989429	9968
X	3580001	3590000	64.701099	9854
X	3590001	3600000	72.310544	9999
X	3600001	3610000	85.726354	9999
X	3610001	3620000	53.401099	9999
X	3620001	3630000	48.921366	9216
X	3630001	3640000	115.650678	9999
X	3640001	3650000	95.503854	9541
X	3650001	3660000	78.860758	9975
X	3660001	3670000	60.423427	8656
X	3670001	3680000	76.225239	9865
X	3680001	3690000	74.068570	9988
X	3690001	3700000	66.677901	9980
X	3700001	3710000	58.060197	9999
X	3710001	3720000	59.820306	9972
X	3720001	3730000	72.145478	9998
X	3730001	3740000	78.417460	9999
X	3740001	3750000	74.743821	9999
X	3750001	3760000	79.061386	9956
X	3760001	3770000	108.470927	9925
X	3770001	3780000	76.294641	9997
X	3780001	3790000	61.104878	9880
X	3790001	3800000	67.882125	9559
X	3800001	3810000	80.802279	9840
X	3810001	3820000	37.937360	9982
X	3820001	3830000	101.437253	9996
X	3830001	3840000	89.619651	9910
X	3840001	3850000	102.758001	9994
X	3850001	3860000	64.670882	9976
X	3860001	3870000	113.121381	9999
X	3870001	3880000	75.739665	9998
X	3880001	3890000	64.352469	9655
X	3890001	3900000	91.184601	9432
X	3900001	3910000	33.588339	8559
X	3910001	3920000	46.122409	9847
X	3920001	3930000	54.344718	9999
X	3930001	3940000	45.388925	8146
X	3940001	3950000	103.757025	9891
X	3950001	3960000	55.407831	8814
X	3960001	3970000	52.792093	9776
X	3970001	3980000	54.257389	9959
X	3980008	3990000	75.617532	9975
X	3990001	4000000	70.110289	9507
X	4000001	4010000	46.404079	9982
X	4010001	4020000	70.280341	9659
X	4020001	4030000	95.697158	9902
X	4030001	4040000	107.487180	9996
X	4040001	4050000	70.269741	9830
X	4050001	4060000	85.883224	9870
X	4060001	4070000	104.798052	9881
X	4070001	4080000	74.090700	9817
X	4080001	4090000	46.898426	9923
X	4090001	4100000	65.119779	9174
X	4100001	4110000	51.352252	9840
X	4110001	4120000	87.484164	9999
X	4120001	4130000	46.038758	9993
X	4130001	4140000	42.597093	9945
X	4140001	4150000	13.793166	9836
X	4150001	4160000	10.236429	9969
X	4160001	4170000	55.088424	9982
X	4170001	4180000	47.942972	9804
X	4180001	4190000	41.394498	9999
X	4190001	4200000	45.123670	9999
X	4200001	4210000	70.743011	9999
X	4210001	4220000	53.315408	9999
X	4220001	4230000	35.298385	9997
X	4230001	4240000	39.310871	9948
X	4240001	4250000	27.850704	9995
X	4250001	4260000	54.941490	9911
X	4260001	4270000	42.433980	9904
X	4270001	4280000	50.713165	9999
X	4280001	4290000	19.185223	9935
X	4290001	4300000	36.268013	9998
X	4300001	4310000	27.765607	9999
X	4310001	4320000	66.313430	9998
X	4320001	4330000	70.678833	9910
X	4330001	4340000	48.586470	9733
X	4340001	4350000	26.279231	9935
X	4350001	4360000	35.099642	9991
X	4360001	4370000	62.475024	9573
X	4370001	4380000	25.673662	9882
X	4390127	4400000	49.304429	9873
X	4400001	4410000	53.012140	9957
X	4410001	4420000	65.231066	9821
X	4420001	4430000	79.146643	9803
X	4430001	4440000	71.907506	9961
X	4440001	4450000	65.896167	9999
X	4450001	4460000	36.822372	9907
X	4460001	4470000	67.484832	9994
X	4470001	4480000	82.885823	9999
X	4480001	4490000	85.501637	9420
X	4490001	4500000	59.543308	9507
X	4500001	4510000	33.649198	9999
X	4510001	4520000	59.305873	9674
X	4520001	4530000	65.077187	9842
X	4530001	4540000	59.023854	9999
X	4540001	4550000	67.420006	9362
X	4550001	4560000	24.468952	9677
X	4560001	4570000	81.833716	9999
X	4570001	4580000	54.639373	9987
X	4580001	4590000	35.290042	9982
X	4590001	4600000	30.993561	9986
X	4600001	4610000	11.992262	9935
X	4610001	4620000	67.995886	9962
X	4620001	4630000	89.765510	9820
X	4630001	4640000	72.398338	9749
X	4640001	4650000	83.552639	9991
X	4650001	4660000	74.485699	9965
X	4660001	4670000	67.647350	8710
X	4670001	4680000	61.010999	9923
X	4680001	4690000	34.009218	9597
X	4690001	4700000	65.801769	9519
X	4710626	4720000	66.571757	9198
X	4720001	4730000	61.281021	8264
X	4730001	4740000	84.904659	9998
X	4740001	4750000	80.982658	9979
X	4750001	4760000	70.102563	9959
X	4760001	4770000	77.553705	9936
X	4770001	4780000	61.309040	9979
X	4780001	4790000	83.496470	9901
X	4790001	4800000	64.685876	9999
X	4800001	4810000	98.294832	9978
X	4810001	4820000	86.891406	9822
X	4820001	4830000	104.218998	9995
X	4830001	4840000	84.634907	9999
X	4840001	4850000	76.348655	9930
X	4850001	4860000	56.686379	9999
X	4860001	4870000	83.860180	8897
X	4870001	4880000	25.030970	9740
X	4880001	4890000	70.609822	9999
X	4890001	4900000	59.436916	9997
X	4900001	4910000	39.816103	9972
X	4910001	4920000	61.472728	9697
X	4920001	4930000	37.241708	8652
X	4930001	4940000	50.866948	9957
X	4940001	4950000	29.469351	9999
X	4950001	4960000	54.616879	9494
X	4960001	4970000	60.141587	9995
X	4970001	4980000	54.211544	9723
X	4980001	4990000	36.766954	9856
X	4990001	5000000	47.403834	9943
X	5000001	5010000	8.686676	9998
X	5010001	5020000	35.589068	9997
X	5020001	5030000	56.323837	9872
X	5030001	5040000	81.511153	9999
X	5040001	5050000	64.020281	9979
X	5050001	5060000	58.633721	9455
X	5060001	5070000	82.058657	9999
X	5070001	5080000	75.802454	9225
X	5080001	5090000	71.770965	9562
X	5090001	5100000	65.666433	9999
X	5100001	5110000	82.417313	9973
X	5110001	5120000	59.297327	9999
X	5120001	5130000	61.042888	9999
X	5130001	5140000	83.047799	9999
X	5140001	5150000	109.644455	9999
X	5150001	5160000	115.870793	9999
X	5160001	5170000	104.841767	9933
X	5170001	5180000	71.394177	9999
X	5180001	5190000	92.663403	9999
X	5190001	5200000	89.851593	9937
X	5210364	5220000	81.815460	9579
X	5220001	5230000	82.153141	9500
X	5230001	5240000	104.212676	9873
X	5240001	5250000	62.911578	9999
X	5250001	5260000	122.507563	9917
X	5260001	5270000	69.396577	9728
X	5270001	5280000	74.249752	9999
X	5280001	5290000	76.232750	9999
X	5290001	5300000	95.489499	9999
X	5300001	5310000	76.565398	9787
X	5310001	5320000	112.052452	9979
X	5320001	5330000	94.038055	9999
X	5330001	5340000	84.339269	9999
X	5340001	5350000	61.316184	9917
X	5350001	5360000	51.610309	9999
X	5360001	5370000	55.886645	9999
X	5370001	5380000	59.250557	9999
X	5380001	5390000	77.987927	9576
X	5390001	5400000	57.364497	9928
X	5410285	5420000	79.194743	9627
X	5420001	5430000	64.641340	9886
X	5430001	5440000	71.918405	9979
X	5440001	5450000	59.431899	9999
X	5450001	5460000	72.620677	9999
X	5460001	5470000	35.053734	9999
X	5470001	5480000	60.417230	9999
X	5480001	5490000	62.638715	9999
X	5490001	5500000	73.252743	9880
X	5500001	5510000	72.254676	8717
X	5510001	5520000	43.106038	9999
X	5520001	5530000	99.303981	9994
X	5530001	5540000	74.350588	9999
X	5540001	5550000	70.651239	9999
X	5550001	5560000	91.494448	9999
X	5560001	5570000	78.913001	9979
X	5570001	5580000	61.416917	9999
X	5580001	5590000	50.154155	9998
X	5590001	5600000	48.036489	9883
X	5600001	5610000	68.421624	9978
X	5610001	5620000	74.275482	9999
X	5620001	5630000	69.781221	9646
X	5630001	5640000	61.978826	9999
X	5640001	5650000	55.228148	9999
X	5650001	5660000	57.081746	9999
X	5660001	5670000	81.314888	9999
X	5670001	5680000	76.498642	9999
X	5680001	5690000	83.422317	9999
X	5690001	5700000	59.764776	9999
X	5700001	5710000	65.192218	9999
X	5710001	5720000	54.232161	9999
X	5720001	5730000	100.943273	9999
X	5740261	5750000	68.666381	9739
X	5750001	5760000	73.018687	9999
X	5760001	5770000	87.701182	9999
X	5770001	5780000	63.968279	9979
X	5780001	5790000	57.895974	9999
X	5790001	5800000	48.226022	9999
X	5800001	5810000	43.358577	9999
X	5810001	5820000	93.138821	9998
X	5820001	5830000	71.976698	9896
X	5830001	5840000	48.553469	9999
X	5840001	5850000	60.651290	9999
X	5850001	5860000	53.048230	9835
X	5860001	5870000	71.255844	9999
X	5870001	5880000	49.145610	9999
X	5880001	5890000	75.691397	9999
X	5890001	5900000	52.172732	9999
X	5900001	5910000	41.301445	9710
X	5910001	5920000	61.311424	9777
X	5920001	5930000	20.534456	9924
X	5930001	5940000	39.552680	9991
X	5940001	5950000	62.602224	9956
X	5950001	5960000	33.827180	9903
X	5960001	5970000	50.794029	9999
X	5970001	5980000	86.089119	9926
X	5980001	5990000	31.039128	9998
X	5990001	6000000	89.263576	9528
X	6000001	6010000	77.321445	9461
X	6010001	6020000	54.309928	9955
X	6020001	6030000	62.302726	9938
X	6030001	6040000	89.598569	9981
X	6040001	6050000	70.128796	9922
X	6050001	6060000	84.846493	9992
X	6060001	6070000	84.062792	9902
X	6070001	6080000	99.703824	9992
X	6080001	6090000	58.044405	9992
X	6090001	6100000	91.557273	9964
X	6100001	6110000	87.553967	9998
X	6110001	6120000	121.749083	9761
X	6120001	6130000	90.622754	9995
X	6130001	6140000	90.391980	9955
X	6160198	6170000	82.384873	9533
X	6170001	6180000	63.190960	9999
X	6180001	6190000	52.708068	8617
X	6190001	6200000	108.173594	9999
X	6200001	6210000	101.082207	9906
X	6210001	6220000	105.398779	9961
X	6220001	6230000	45.021626	9995
X	6230001	6240000	74.574234	9770
X	6240001	6250000	52.008849	9998
X	6250001	6260000	38.485943	9920
X	6260001	6270000	83.048950	9994
X	6270001	6280000	101.580552	9887
X	6280001	6290000	83.510321	9996
X	6290001	6300000	124.356033	9827
X	6300001	6310000	67.614078	9865
X	6310001	6320000	99.434847	9925
X	6320001	6330000	105.762461	9883
X	6330001	6340000	76.206288	9157
X	6340001	6350000	77.786157	9946
X	6350001	6360000	68.132595	9814
X	6360001	6370000	40.228943	9904
X	6370001	6380000	61.910010	9994
X	6380001	6390000	90.419933	9994
X	6390001	6400000	92.877499	9967
X	6400001	6410000	84.040993	9997
X	6410001	6420000	74.924497	9968
X	6420001	6430000	84.758457	9986
X	6430001	6440000	91.607674	9998
X	6440001	6450000	105.939847	9210
X	6450001	6460000	119.438428	9909
X	6460001	6470000	84.194835	9344
X	6470001	6480000	121.608045	9630
X	6480001	6490000	97.830256	9994
X	6490001	6500000	81.313246	8474
X	6500001	6510000	94.631838	9927
X	6510001	6520000	139.114807	9742
X	6520001	6530000	130.677576	9957
X	6530001	6540000	107.114189	9564
X	6540001	6550000	79.041448	9933
X	6550001	6560000	73.825653	9455
X	6560001	6570000	98.870350	9340
X	6570001	6580000	100.770149	9926
X	6580001	6590000	121.212317	9936
X	6590001	6600000	126.742961	9489
X	6600001	6610000	109.783564	9870
X	6610001	6620000	91.010751	9979
X	6620001	6630000	90.900551	9906
X	6630001	6640000	79.585951	9479
X	6640001	6650000	102.089387	9999
X	6650001	6660000	92.740086	8953
X	6660001	6670000	87.001485	9999
X	6670001	6680000	86.159973	9999
X	6680001	6690000	62.132048	9999
X	6690001	6700000	93.719939	9409
X	6700001	6710000	107.211555	9978
X	6710001	6720000	113.766593	9999
X	6720001	6730000	62.003241	9999
X	6730001	6740000	119.550621	9958
X	6740001	6750000	96.670570	9994
X	6750001	6760000	55.761039	9999
X	6760001	6770000	60.295420	9999
X	6770001	6780000	90.461870	9999
X	6780001	6790000	38.275229	9999
X	6790001	6800000	66.073201	9999
X	6800001	6810000	69.273888	9959
X	6810001	6820000	66.527293	9628
X	6820001	6830000	152.537250	9958
X	6830001	6840000	99.164623	9651
X	6840001	6850000	72.875716	9999
X	6850001	6860000	58.948096	9999
X	6860001	6870000	33.864696	9999
X	6870001	6880000	28.779495	9999
X	6880001	6890000	80.822343	9999
X	6890001	6900000	99.445493	9999
X	6900001	6910000	91.772342	9999
X	6910001	6920000	85.717848	9979
X	6920001	6930000	80.036502	9886
X	6930001	6940000	109.555867	9999
X	6940001	6950000	100.812019	9999
X	6950001	6960000	73.127661	9460
X	6960001	6970000	132.791881	9999
X	6970001	6980000	131.942886	9999
X	6980001	6990000	130.769273	9999
X	6990001	7000000	111.424819	9979
X	7000001	7010000	68.472896	9999
X	7010001	7020000	89.052114	9861
X	7020001	7030000	110.227648	9999
X	7030001	7040000	87.921095	9919
X	7040001	7050000	97.919890	9999
X	7050001	7060000	115.448968	9999
X	7060001	7070000	37.987598	9091
X	7070001	7080000	94.605690	9979
X	7080001	7090000	73.769784	9999
X	7090001	7100000	98.365768	9999
X	7100001	7110000	97.592376	9949
X	7110001	7120000	74.987659	9942
X	7120001	7130000	96.142316	9999
X	7130001	7140000	55.261060	9999
X	7140001	7150000	58.723852	9906
X	7150001	7160000	76.153552	9999
X	7160001	7170000	77.437545	9999
X	7170001	7180000	79.313032	9999
X	7180001	7190000	52.359744	9999
X	7190001	7200000	51.341450	9999
X	7200001	7210000	114.912761	9999
X	7210001	7220000	60.382716	9680
X	7220001	7230000	84.973661	9192
X	7230001	7240000	48.615358	9979
X	7240001	7250000	49.736964	9999
X	7250001	7260000	58.800239	9999
X	7260001	7270000	65.655730	9999
X	7270001	7280000	69.823246	9999
X	7280001	7290000	41.998791	9947
X	7290001	7300000	62.365344	9933
X	7300001	7310000	76.375933	9999
X	7310001	7320000	56.038975	9999
X	7320001	7330000	86.643881	9998
X	7330001	7340000	57.960710	9998
X	7340001	7350000	91.222786	9759
X	7350001	7360000	85.841204	9979
X	7360001	7370000	65.923778	8548
X	7370001	7380000	75.897033	9791
X	7380001	7390000	81.262879	9999
X	7390001	7400000	70.653134	9999
X	7400001	7410000	64.633209	9999
X	7410001	7420000	66.611245	9999
X	7420001	7430000	90.881035	9998
X	7430001	7440000	70.357341	9999
X	7440001	7450000	68.168708	9564
X	7450001	7460000	38.571283	9979
X	7460001	7470000	37.737316	9998
X	7470001	7480000	49.933420	9999
X	7480001	7490000	74.286604	9996
X	7490001	7500000	79.972752	9756
X	7500001	7510000	68.467481	9940
X	7510001	7520000	83.134974	9999
X	7520001	7530000	51.667701	9768
X	7530001	7540000	78.273732	9997
X	7540001	7550000	78.949855	9899
X	7550001	7560000	90.990477	9987
X	7560001	7570000	84.559847	9982
X	7570001	7580000	133.802939	9998
X	7580001	7590000	99.348230	9993
X	7590001	7600000	73.057330	9913
X	7600001	7610000	32.284771	9996
X	7610001	7620000	75.752507	9456
X	7620001	7630000	36.563134	9979
X	7630001	7640000	58.795826	9996
X	7640001	7650000	63.735873	9952
X	7650001	7660000	47.413599	9991
X	7660001	7670000	80.081332	9999
X	7670001	7680000	57.368702	9998
X	7680001	7690000	106.202185	9999
X	7690001	7700000	76.508600	9925
X	7700001	7710000	76.349105	9775
X	7710001	7720000	63.050267	9998
X	7720001	7730000	67.486934	9973
X	7730001	7740000	76.199385	9683
X	7740001	7750000	57.091242	8344
X	7750001	7760000	61.687317	9553
X	7760001	7770000	60.434348	9996
X	7770001	7780000	73.873664	9999
X	7790735	7800000	39.812153	9255
X	7800001	7810000	25.930271	9430
X	7820051	7830000	46.730772	6986
X	7830001	7840000	66.943564	9853
X	7840001	7850000	65.911718	9996
X	7850001	7860000	90.549656	9978
X	7860001	7870000	48.793508	9999
X	7870001	7880000	66.714381	9999
X	7880001	7890000	68.358152	9962
X	7890001	7900000	92.695123	9999
X	7900001	7910000	86.764889	9999
X	7910001	7920000	60.335708	9999
X	7920001	7930000	71.263062	9704
X	7930001	7940000	89.041168	9950
X	7940001	7950000	97.611292	9877
X	7950001	7960000	74.752537	9608
X	7960001	7970000	75.143971	9999
X	7970001	7980000	96.190342	9409
X	7980001	7990000	31.430946	9998
X	7990001	8000000	62.424008	9806
X	8000001	8010000	87.341747	9992
X	8010001	8020000	75.300380	9985
X	8020001	8030000	64.292405	9997
X	8040102	8050000	72.712937	9345
X	8050001	8060000	48.657238	9999
X	8060001	8070000	81.044381	9999
X	8070001	8080000	86.432167	9986
X	8080001	8090000	83.792871	9999
X	8090001	8100000	93.919069	9972
X	8100001	8110000	64.232860	9892
X	8110001	8120000	62.199345	9999
X	8120001	8130000	53.216641	9840
X	8130001	8140000	58.786538	8012
X	8140001	8150000	48.289191	8848
X	8150001	8160000	57.077463	9999
X	8160001	8170000	62.808683	9738
X	8170001	8180000	72.646649	9958
X	8180001	8190000	87.612643	9999
X	8190001	8200000	103.240728	9934
X	8200001	8210000	65.998530	9963
X	8210001	8220000	54.138691	9998
X	8220001	8230000	79.508122	9779
X	8230001	8240000	76.223148	9962
X	8240001	8250000	108.133573	9473
X	8250001	8260000	99.986751	9575
X	8260001	8270000	76.613607	9965
X	8270001	8280000	134.790540	9997
X	8280001	8290000	142.270637	9964
X	8290001	8300000	98.292539	9998
X	8300001	8310000	83.403822	9981
X	8310001	8320000	120.884394	9999
X	8320001	8330000	99.363905	9998
X	8330001	8340000	116.907594	9866
X	8340001	8350000	134.029806	9830
X	8350001	8360000	87.253466	9812
X	8360001	8370000	108.231418	9998
X	8370001	8380000	117.188821	9974
X	8380001	8390000	146.951462	9538
X	8390001	8400000	118.657249	9997
X	8400001	8410000	108.233539	9985
X	8410001	8420000	96.681022	9351
X	8420001	8430000	69.207774	9673
X	8430001	8440000	56.542727	9764
X	8440001	8450000	70.938858	9998
X	8450001	8460000	76.490468	9875
X	8460001	8470000	57.267117	9999
X	8470001	8480000	94.878328	9857
X	8480001	8490000	61.881440	9642
X	8490001	8500000	72.785819	9999
X	8500001	8510000	106.864720	9959
X	8510001	8520000	14.149779	9995
X	8520001	8530000	58.574312	9999
X	8530001	8540000	27.438143	9951
X	8540001	8550000	82.050915	9955
X	8550001	8560000	66.250517	9879
X	8560001	8570000	96.728965	9814
X	8570001	8580000	33.094072	9979
X	8580001	8590000	28.403841	9957
X	8590001	8600000	85.454778	9999
X	8600001	8610000	60.431451	9917
X	8610001	8620000	55.207301	9716
X	8620001	8630000	41.859689	9999
X	8630001	8640000	58.007790	9999
X	8640001	8650000	87.269592	9999
X	8660212	8670000	124.914818	9788
X	8670001	8680000	63.929714	9609
X	8680001	8690000	50.656806	9670
X	8690001	8700000	43.198846	9523
X	8700001	8710000	77.126601	9999
X	8710001	8720000	11.889560	9993
X	8720001	8730000	17.942705	9913
X	8730001	8740000	40.002261	9827
X	8740001	8750000	17.958277	9998
X	8760659	8770000	38.714571	9341
X	8770001	8780000	61.978833	9999
X	8780001	8790000	16.981186	9619
X	8790001	8800000	50.301575	9627
X	8800001	8810000	85.232822	9855
X	8810001	8820000	44.165781	9545
X	8820001	8830000	39.639998	9999
X	8830001	8840000	49.012328	9074
X	8840001	8850000	51.419566	9679
X	8850001	8860000	60.150285	9994
X	8860001	8870000	39.727191	9999
X	8870001	8880000	73.356560	9999
X	8880001	8890000	56.417765	9999
X	8890001	8900000	31.862396	9939
X	8900001	8910000	38.786039	9999
X	8910001	8920000	15.999674	9945
X	8920001	8930000	15.224673	9999
X	8930001	8940000	29.760889	9979
X	8940001	8950000	50.598415	9735
X	8950001	8960000	50.556242	9837
X	8960001	8970000	28.256934	9976
X	8970001	8980000	38.769530	9768
X	8980001	8990000	43.527334	9810
X	8990001	9000000	106.488876	9963
X	9000001	9010000	71.889469	9979
X	9010001	9020000	48.365520	9973
X	9020001	9030000	101.122507	9442
X	9030001	9040000	27.958819	9999
X	9040001	9050000	71.065832	9999
X	9050001	9060000	50.981619	9936
X	9060001	9070000	26.372374	9999
X	9070001	9080000	14.876975	9988
X	9080001	9090000	19.523135	9921
X	9090001	9100000	72.900360	9909
X	9100001	9110000	86.928465	9999
X	9110001	9120000	79.501432	9999
X	9120001	9130000	17.571501	9999
X	9130001	9140000	2.730522	9999
X	9140001	9150000	8.877402	9999
X	9150001	9160000	20.711863	9871
X	9160001	9170000	41.171727	9999
X	9170001	9180000	50.636965	9740
X	9180001	9190000	64.220630	9933
X	9190001	9200000	79.122649	9998
X	9200001	9210000	57.286961	9882
X	9210001	9220000	63.093963	9999
X	9220001	9230000	62.287499	9979
X	9230001	9240000	27.713281	9999
X	9240001	9250000	18.881636	9999
X	9250001	9260000	42.612912	9950
X	9260001	9270000	79.340027	9995
X	9270001	9280000	79.971180	9999
X	9280001	9290000	90.701226	9253
X	9290001	9300000	70.065902	9999
X	9300001	9310000	61.905748	9971
X	9310001	9320000	95.389797	9999
X	9320001	9330000	115.671067	9999
X	9330001	9340000	101.105022	9890
X	9340001	9350000	69.493457	9999
X	9350001	9360000	67.877629	9999
X	9360001	9370000	100.136083	9999
X	9370001	9380000	65.801768	9866
X	9380001	9390000	62.261013	9160
X	9390001	9400000	32.738382	9594
X	9400001	9410000	75.056262	8662
X	9410001	9420000	69.679420	9999
X	9420001	9430000	70.341050	9913
X	9430001	9440000	62.410031	9990
X	9440001	9450000	72.747403	9999
X	9450001	9460000	33.626758	9999
X	9460001	9470000	58.908886	9677
X	9470001	9480000	49.949425	9607
X	9480001	9490000	88.671625	9999
X	9490001	9500000	67.119834	9999
X	9500001	9510000	61.961419	9844
X	9510001	9520000	61.792199	9459
X	9520001	9530000	76.260620	9999
X	9530001	9540000	78.200079	9999
X	9540001	9550000	65.250480	9995
X	9550001	9560000	64.246180	9914
X	9560001	9570000	74.533824	9998
X	9570001	9580000	61.811846	9999
X	9580001	9590000	49.326716	9999
X	9590001	9600000	58.162961	9879
X	9600001	9610000	61.065975	9978
X	9610001	9620000	71.220901	9998
X	9620001	9630000	64.078620	9950
X	9630001	9640000	50.870592	9999
X	9640001	9650000	64.282676	8369
X	9650001	9660000	66.100510	9930
X	9660001	9670000	89.606844	9979
X	9670001	9680000	41.995093	8042
X	9680001	9690000	91.873695	9560
X	9690001	9700000	41.802045	9173
X	9700001	9710000	79.461248	9998
X	9710001	9720000	77.541006	9938
X	9720001	9730000	47.057784	9763
X	9730001	9740000	56.289229	9999
X	9740001	9750000	57.580971	9977
X	9750001	9760000	47.387849	9999
X	9760001	9770000	66.872861	9066
X	9770001	9780000	65.512167	9999
X	9780001	9790000	58.120403	9999
X	9790001	9800000	52.451573	8215
X	9800001	9810000	89.118016	9993
X	9810001	9820000	67.527842	9999
X	9820001	9830000	27.899839	9999
X	9830001	9840000	73.721830	9973
X	9840001	9850000	44.788597	9999
X	9850001	9860000	51.036254	9999
X	9860001	9870000	65.050862	9999
X	9870001	9880000	49.649911	9979
X	9880001	9890000	52.600740	9486
X	9890001	9900000	71.391716	9964
X	9900001	9910000	88.497539	9999
X	9910001	9920000	60.230475	9997
X	9920001	9930000	53.493670	9921
X	9930001	9940000	53.742051	9948
X	9940001	9950000	92.311030	9998
X	9950001	9960000	42.567326	9715
X	9960001	9970000	53.611998	9756
X	9970001	9980000	67.081369	9999
X	9980001	9990000	76.159097	9999
X	9990001	10000000	78.386536	9582
X	10000001	10010000	68.425480	9999
X	10010001	10020000	50.289100	9999
X	10020001	10030000	60.944888	9985
X	10030001	10040000	53.608594	9786
X	10040001	10050000	53.916179	9939
X	10050001	10060000	85.803956	9970
X	10060001	10070000	51.547223	7620
X	10070001	10080000	82.750475	9949
X	10080001	10090000	58.021719	9999
X	10090001	10100000	66.422765	9871
X	10100001	10110000	75.817953	9845
X	10110001	10120000	83.359185	9974
X	10120001	10130000	68.977137	9954
X	10130001	10140000	58.902325	9999
X	10140001	10150000	56.539290	9993
X	10150001	10160000	29.399987	9999
X	10160001	10170000	46.361691	9945
X	10170001	10180000	46.944931	9999
X	10180001	10190000	23.730101	9998
X	10190001	10200000	59.684087	9852
X	10200001	10210000	83.772896	9997
X	10210001	10220000	83.780705	9502
X	10220001	10230000	81.677126	9807
X	10230001	10240000	87.953399	9732
X	10240001	10250000	79.078840	9990
X	10250001	10260000	67.783955	9709
X	10260001	10270000	70.059487	9987
X	10270001	10280000	93.469177	9950
X	10280001	10290000	69.339395	9991
X	10290001	10300000	99.237851	9968
X	10300001	10310000	110.352170	9895
X	10310001	10320000	109.074889	9979
X	10320001	10330000	80.556207	9979
X	10330001	10340000	71.425752	9904
X	10340001	10350000	45.494040	9662
X	10350001	10360000	108.182536	9999
X	10360001	10370000	122.494436	9947
X	10370001	10380000	95.952977	9682
X	10380001	10390000	104.863319	9384
X	10390001	10400000	83.904941	9982
X	10400001	10410000	85.890532	9935
X	10410001	10420000	52.536552	9999
X	10420001	10430000	74.733018	9993
X	10430001	10440000	128.965749	9999
X	10440001	10450000	100.470229	9999
X	10450001	10460000	50.474444	9938
X	10460001	10470000	88.992481	9637
X	10470001	10480000	76.563033	9979
X	10480001	10490000	65.557597	9999
X	10490001	10500000	47.045091	9999
X	10500001	10510000	77.871839	9999
X	10510001	10520000	45.715076	9740
X	10520001	10530000	63.708675	9998
X	10530001	10540000	82.450444	9803
X	10540001	10550000	75.823545	9989
X	10550001	10560000	61.318156	9857
X	10560001	10570000	69.831994	9999
X	10570001	10580000	75.795285	9984
X	10580001	10590000	63.936481	9992
X	10590001	10600000	65.060561	7167
X	10600001	10610000	74.691234	9999
X	10610001	10620000	72.767153	9973
X	10620001	10630000	84.708387	9954
X	10630001	10640000	46.097013	9983
X	10640001	10650000	67.507053	9955
X	10650001	10660000	81.826933	9999
X	10660001	10670000	64.209872	9999
X	10670001	10680000	112.141294	9676
X	10680001	10690000	99.144784	9742
X	10690001	10700000	75.602927	9691
X	10700001	10710000	67.900485	9999
X	10710001	10720000	81.198568	9937
X	10720001	10730000	89.715284	9979
X	10730001	10740000	117.819939	9954
X	10740001	10750000	113.513551	9999
X	10750001	10760000	78.268275	9996
X	10760001	10770000	87.150473	9999
X	10770001	10780000	83.911221	9999
X	10780001	10790000	61.368185	9999
X	10790001	10800000	68.078956	9912
X	10800001	10810000	79.119725	9999
X	10810001	10820000	101.724842	9946
X	10820001	10830000	118.121882	9960
X	10830001	10840000	92.009313	9994
X	10840001	10850000	111.589931	9975
X	10850001	10860000	95.735341	9993
X	10860001	10870000	99.633569	9966
X	10870001	10880000	105.190475	9821
X	10880001	10890000	116.556995	9646
X	10890001	10900000	81.450341	9988
X	10900001	10910000	87.459175	9998
X	10910001	10920000	64.033560	9867
X	10920001	10930000	73.826861	9952
X	10930001	10940000	102.697125	9897
X	10940001	10950000	124.319849	9993
X	10950001	10960000	92.900799	9994
X	10960001	10970000	97.077590	9988
X	10970001	10980000	113.345604	9999
X	10980001	10990000	63.368845	9986
X	10990001	11000000	101.786956	9927
X	11000001	11010000	121.090044	9967
X	11010001	11020000	112.741712	9750
X	11020001	11030000	129.574168	9713
X	11030001	11040000	98.357491	9943
X	11040001	11050000	58.340566	9718
X	11065248	11070000	31.550048	4590
X	11070001	11080000	62.521320	9998
X	11080001	11090000	92.078049	9968
X	11090001	11100000	90.762723	9996
X	11100001	11110000	88.114739	9893
X	11110001	11120000	100.359880	9993
X	11120001	11130000	107.459144	9625
X	11130001	11140000	99.726268	9988
X	11140001	11150000	97.796719	9964
X	11150001	11160000	52.165613	9986
X	11160001	11170000	100.252714	9442
X	11170001	11180000	107.831618	9975
X	11180001	11190000	74.284756	9935
X	11190001	11200000	54.565650	9995
X	11200001	11210000	52.159309	9996
X	11210001	11220000	45.719575	9999
X	11220001	11230000	47.898826	9996
X	11230001	11240000	61.231100	9798
X	11240001	11250000	68.481517	9999
X	11250001	11260000	31.584202	9895
X	11260001	11270000	55.808054	9998
X	11270001	11280000	56.158546	9638
X	11280001	11290000	60.036949	9269
X	11290001	11300000	47.332485	9159
X	11318834	11320000	7.871689	1166
X	11320001	11330000	37.118358	9999
X	11330001	11340000	44.664711	9931
X	11340001	11350000	29.873332	9834
X	11350001	11360000	25.450175	9999
X	11360001	11370000	31.149047	9980
X	11370001	11380000	34.370301	9858
X	11380001	11390000	60.307504	9862
X	11390001	11400000	50.448954	9998
X	11400001	11410000	38.533388	9976
X	11410001	11420000	13.191572	9999
X	11420001	11430000	58.880957	9999
X	11430001	11440000	57.592514	9998
X	11440001	11450000	45.089483	9975
X	11450001	11460000	20.430821	9997
X	11460001	11470000	92.410579	9952
X	11470001	11480000	71.735656	9966
X	11480001	11490000	76.789909	9969
X	11490001	11500000	59.213348	9999
X	11500001	11510000	64.633388	8355
X	11510001	11520000	94.268457	9496
X	11520001	11530000	87.215504	9992
X	11530001	11540000	46.941481	9844
X	11540001	11550000	65.051920	9979
X	11550001	11560000	76.547624	9980
X	11560001	11570000	53.066360	9993
X	11570001	11580000	63.289508	9999
X	11580001	11590000	51.145411	9998
X	11590001	11600000	74.891146	9858
X	11600001	11610000	121.189289	9979
X	11620158	11630000	52.009121	9831
X	11630001	11640000	63.117226	9952
X	11640001	11650000	61.366207	9973
X	11650001	11660000	90.325878	9999
X	11660001	11670000	46.308513	9999
X	11670001	11680000	56.354293	9965
X	11680001	11690000	43.735035	9665
X	11690001	11700000	53.799739	9999
X	11700001	11710000	42.452175	9955
X	11710001	11720000	37.341335	9971
X	11720001	11730000	59.973962	9999
X	11730001	11740000	56.519252	9998
X	11740001	11750000	81.450357	9964
X	11750001	11760000	54.978541	9582
X	11760001	11770000	60.072730	9998
X	11770001	11780000	71.879200	9998
X	11780001	11790000	46.283864	9999
X	11790001	11800000	41.281775	9991
X	11800001	11810000	31.473941	9999
X	11810001	11820000	58.849074	9994
X	11820001	11830000	67.573270	9268
X	11840406	11850000	75.708852	7969
X	11850001	11860000	71.527874	9966
X	11860001	11870000	59.342838	9991
X	11870001	11880000	101.312869	9996
X	11880001	11890000	79.010193	9996
X	11890001	11900000	49.566336	9767
X	11900001	11910000	87.404024	9714
X	11910001	11920000	83.831117	9998
X	11920001	11930000	73.761470	9976
X	11930001	11940000	89.341093	9995
X	11940001	11950000	76.376547	9998
X	11950001	11960000	79.279492	9975
X	11960001	11970000	66.827932	9999
X	11970001	11980000	117.773597	9976
X	11980001	11990000	80.439978	9455
X	11990001	12000000	93.423001	9999
X	12000001	12010000	103.086200	9939
X	12010001	12020000	58.972814	9979
X	12020001	12030000	89.219863	9996
X	12030001	12040000	84.306560	9988
X	12040001	12050000	68.226568	9998
X	12050001	12060000	67.266899	9698
X	12060001	12070000	108.846953	9934
X	12070001	12080000	70.081830	9902
X	12080001	12090000	102.812250	9948
X	12090001	12100000	108.152304	9400
X	12100001	12110000	68.760678	9950
X	12110001	12120000	54.619999	9998
X	12120001	12130000	77.556804	9902
X	12130001	12140000	75.689833	9993
X	12140001	12150000	78.663633	9993
X	12150001	12160000	81.363566	9998
X	12160001	12170000	58.433706	9999
X	12170001	12180000	128.783971	9846
X	12180001	12190000	74.364686	9950
X	12190001	12200000	69.425945	9989
X	12200001	12210000	118.650277	9984
X	12210001	12220000	111.109327	9976
X	12220001	12230000	99.656366	9748
X	12230001	12240000	94.750122	9980
X	12240001	12250000	71.011011	9982
X	12250001	12260000	32.871206	9999
X	12260001	12270000	72.007596	9979
X	12270001	12280000	73.843880	9999
X	12280001	12290000	124.211390	9999
X	12290001	12300000	111.545518	9999
X	12300001	12310000	90.720641	9942
X	12310001	12320000	77.678183	9824
X	12320001	12330000	130.889387	9999
X	12330001	12340000	90.425171	9971
X	12340001	12350000	89.617420	9999
X	12350001	12360000	90.989850	9999
X	12360001	12370000	95.929989	9998
X	12370001	12380000	151.421988	9807
X	12380001	12390000	97.217559	9866
X	12390001	12400000	89.091406	9977
X	12400001	12410000	91.215595	9991
X	12410001	12420000	92.889752	9999
X	12420001	12430000	102.902370	9998
X	12430001	12440000	95.971195	9754
X	12440001	12450000	76.804211	9998
X	12450001	12460000	100.255415	9997
X	12460001	12470000	86.801853	9963
X	12470001	12480000	104.744113	9989
X	12480001	12490000	72.569038	9999
X	12490001	12500000	48.287522	9999
X	12500001	12510000	111.224510	9928
X	12510001	12520000	72.218751	9912
X	12520001	12530000	54.408730	9999
X	12530001	12540000	42.597220	9999
X	12540001	12550000	44.852446	9999
X	12550001	12560000	71.025965	9897
X	12560001	12570000	56.638522	9996
X	12570001	12580000	52.834466	9996
X	12580001	12590000	112.637774	9899
X	12590001	12600000	55.634455	9997
X	12600001	12610000	31.183702	9925
X	12610001	12620000	65.782218	9999
X	12620001	12630000	64.656504	9968
X	12630001	12640000	99.489734	9998
X	12640001	12650000	78.861366	9965
X	12650001	12660000	125.583521	9990
X	12660001	12670000	71.085901	9972
X	12670001	12680000	59.627921	9937
X	12680001	12690000	77.311885	9947
X	12690001	12700000	53.788595	9998
X	12700001	12710000	47.142030	9994
X	12710001	12720000	15.886419	9080
X	12720001	12730000	141.999453	9935
X	12730001	12740000	116.299328	9978
X	12740001	12750000	85.045181	9676
X	12750001	12760000	86.955040	9979
X	12760001	12770000	79.752382	9928
X	12770001	12780000	61.776310	9998
X	12780001	12790000	44.479567	9985
X	12790001	12800000	76.113951	8424
X	12800001	12810000	35.341037	9971
X	12810001	12820000	57.306518	9999
X	12820001	12830000	71.291357	9999
X	12830001	12840000	6.630155	5635
X	12840001	12850000	42.747917	7241
X	12850001	12860000	60.916623	9986
X	12860001	12870000	88.973849	9996
X	12870001	12880000	133.738196	9838
X	12880001	12890000	30.586027	9869
X	12900010	12910000	27.773932	9911
X	12910001	12920000	52.507894	9938
X	12920001	12930000	22.976683	9994
X	12930001	12940000	36.804597	9708
X	12940001	12950000	44.341296	9353
X	12950001	12960000	48.144395	9997
X	12960001	12970000	11.172958	9372
X	12970001	12980000	34.305954	9999
X	12980001	12990000	70.174667	9890
X	12990001	13000000	97.364942	9998
X	13000001	13010000	79.755845	9999
X	13010001	13020000	35.426532	9868
X	13020001	13030000	80.994317	9984
X	13030001	13040000	85.783370	9933
X	13040001	13050000	51.819379	9991
X	13050001	13060000	13.714708	9993
X	13060001	13070000	61.584319	9999
X	13070001	13080000	51.573589	8948
X	13080001	13090000	71.234008	9980
X	13090001	13100000	54.864403	9997
X	13100001	13110000	57.289902	9996
X	13110001	13120000	47.491270	9999
X	13120001	13130000	50.369381	9999
X	13130001	13140000	69.992391	9973
X	13140001	13150000	76.336944	9986
X	13150001	13160000	43.226764	9999
X	13160001	13170000	70.573479	9963
X	13170001	13180000	91.670808	9999
X	13180001	13190000	58.996380	9999
X	13190001	13200000	80.479257	9999
X	13200001	13210000	61.748171	9999
X	13210001	13220000	51.300511	9994
X	13220001	13230000	42.085025	9999
X	13230001	13240000	15.427895	9910
X	13240001	13250000	38.820245	9991
X	13250001	13260000	57.572792	9989
X	13260001	13270000	110.061395	9998
X	13270001	13280000	74.987027	9979
X	13280001	13290000	36.288818	9987
X	13290001	13300000	72.380786	9999
X	13300001	13310000	85.510436	9998
X	13310001	13320000	77.206494	9999
X	13320001	13330000	69.256801	9998
X	13330001	13340000	94.039191	9999
X	13340001	13350000	80.621656	9999
X	13350001	13360000	80.958171	9638
X	13360001	13370000	45.852344	9975
X	13370001	13380000	49.774809	9999
X	13380001	13390000	54.448703	9999
X	13390001	13400000	49.839589	9978
X	13400001	13410000	60.275082	9999
X	13410001	13420000	40.860365	9999
X	13420001	13430000	66.260706	9979
X	13430001	13440000	63.374612	9999
X	13440001	13450000	64.005252	9979
X	13450001	13460000	48.294480	9824
X	13460001	13470000	102.744852	9999
X	13470001	13480000	93.893771	9895
X	13480001	13490000	76.323937	9999
X	13490001	13500000	74.722405	9999
X	13500001	13510000	38.583433	9999
X	13510001	13520000	51.347457	9999
X	13520001	13530000	37.788795	9975
X	13530001	13540000	95.813673	9999
X	13540001	13550000	102.975650	9998
X	13550001	13560000	111.128371	9998
X	13560001	13570000	83.377976	9999
X	13570001	13580000	103.425239	9979
X	13580001	13590000	89.883613	9998
X	13590001	13600000	125.616724	9814
X	13600001	13610000	103.077141	9997
X	13610001	13620000	96.060625	9997
X	13620001	13630000	139.597750	9998
X	13630001	13640000	117.137359	9998
X	13640001	13650000	117.495748	9999
X	13650001	13660000	65.300405	9999
X	13660001	13670000	42.961207	9999
X	13670001	13680000	66.501824	9892
X	13680001	13690000	66.885847	9999
X	13690001	13700000	47.077597	9999
X	13700001	13710000	89.430672	9998
X	13710001	13720000	52.685580	9998
X	13720001	13730000	59.437435	9999
X	13730001	13740000	48.310858	9563
X	13740001	13750000	49.820933	9999
X	13750001	13760000	56.147098	9999
X	13760001	13770000	73.819978	9999
X	13770001	13780000	114.482278	9979
X	13780001	13790000	95.106977	9999
X	13790001	13800000	80.826270	9999
X	13800001	13810000	54.820605	8943
X	13810001	13820000	75.217906	9999
X	13820001	13830000	69.473273	9998
X	13830001	13840000	69.045464	9999
X	13840001	13850000	56.452852	9999
X	13850001	13860000	76.492884	9999
X	13860001	13870000	75.254969	9999
X	13870001	13880000	78.783840	9999
X	13880001	13890000	57.760701	9999
X	13890001	13900000	69.117637	9979
X	13900001	13910000	108.222343	9999
X	13910001	13920000	69.696010	9959
X	13920001	13930000	82.583517	9998
X	13930001	13940000	92.986777	9851
X	13940001	13950000	52.418158	9667
X	13950001	13960000	81.103980	9979
X	13960001	13970000	44.800347	9999
X	13970001	13980000	42.673223	9999
X	13980001	13990000	62.018275	9868
X	13990001	14000000	86.295303	9999
X	14000001	14010000	132.581921	9998
X	14010001	14020000	99.843010	9633
X	14020001	14030000	67.633102	9979
X	14030001	14040000	93.407667	9998
X	14040001	14050000	124.244180	9999
X	14050001	14060000	106.313016	9998
X	14060001	14070000	92.160787	9828
X	14070001	14080000	138.501244	9849
X	14080001	14090000	102.605920	9999
X	14090001	14100000	88.566126	9930
X	14100001	14110000	112.956417	9999
X	14110001	14120000	123.869376	9999
X	14120001	14130000	104.725349	9979
X	14130001	14140000	119.694462	9999
X	14140001	14150000	109.131910	9999
X	14150001	14160000	116.892671	9999
X	14160001	14170000	113.669534	9999
X	14170001	14180000	107.404933	9999
X	14180001	14190000	76.429585	9999
X	14190001	14200000	98.744370	9999
X	14200001	14210000	85.335429	9998
X	14210001	14220000	102.107295	9999
X	14220001	14230000	65.118481	9999
X	14230001	14240000	105.134375	9999
X	14240001	14250000	87.807516	9999
X	14250001	14260000	83.449715	9809
X	14260001	14270000	120.819277	9999
X	14270001	14280000	78.208476	9999
X	14280001	14290000	69.177835	9975
X	14290001	14300000	103.838078	9997
X	14300001	14310000	34.837131	9979
X	14310001	14320000	20.277055	9985
X	14320001	14330000	60.439460	9862
X	14330001	14340000	65.962240	9999
X	14340001	14350000	55.206438	9999
X	14350001	14360000	121.132988	9894
X	14360001	14370000	78.631968	9999
X	14370001	14380000	60.001527	9994
X	14380001	14390000	75.375797	9835
X	14390001	14400000	47.903429	9999
X	14400001	14410000	80.837262	9999
X	14410001	14420000	45.214364	9486
X	14420001	14430000	85.333737	9999
X	14430001	14440000	70.178525	9999
X	14440001	14450000	73.918118	9675
X	14450001	14460000	102.332440	9999
X	14460001	14470000	67.596528	9861
X	14470001	14480000	73.288455	9999
X	14480001	14490000	95.118680	9639
X	14490001	14500000	53.068622	9859
X	14500001	14510000	56.148115	9995
X	14510001	14520000	45.475826	9999
X	14520001	14530000	64.726104	9979
X	14530001	14540000	71.910345	9999
X	14550005	14560000	19.026892	2315
X	14560001	14570000	80.407724	9231
X	14570001	14580000	67.206536	9999
X	14580001	14590000	109.179643	9975
X	14590001	14600000	89.864412	9898
X	14600001	14610000	79.008921	9990
X	14610001	14620000	94.000153	9998
X	14620001	14630000	113.151952	9999
X	14630001	14640000	122.624493	9999
X	14640001	14650000	63.165487	9979
X	14650001	14660000	111.622443	9998
X	14660001	14670000	115.769916	9999
X	14670001	14680000	85.429732	9744
X	14680001	14690000	81.974380	9999
X	14690001	14700000	93.178873	9994
X	14700001	14710000	110.606974	9993
X	14710001	14720000	80.812817	9994
X	14720001	14730000	99.616698	9998
X	14730001	14740000	75.301850	9999
X	14740001	14750000	72.480724	8649
X	14750001	14760000	67.543480	9786
X	14760001	14770000	57.931910	9999
X	14770001	14780000	83.266051	9855
X	14780001	14790000	85.740894	9580
X	14790001	14800000	73.949355	9999
X	14800001	14810000	88.249325	9999
X	14810001	14820000	61.683295	9999
X	14820001	14830000	56.667484	9756
X	14830001	14840000	51.759075	9979
X	14840001	14850000	75.421057	9999
X	14850001	14860000	90.388336	9999
X	14860001	14870000	58.923841	9999
X	14870001	14880000	83.617945	9999
X	14880001	14890000	71.145108	9550
X	14890001	14900000	59.291767	9968
X	14900001	14910000	51.320147	9999
X	14910001	14920000	49.380882	9999
X	14920001	14930000	65.875560	9999
X	14930001	14940000	71.518313	9999
X	14940001	14950000	56.734668	9999
X	14950001	14960000	77.421572	9999
X	14960001	14970000	60.262413	6701
X	14982222	14990000	20.802309	5971
X	15003588	15010000	29.888124	6412
X	15010001	15020000	49.020488	6277
X	15020001	15030000	63.331181	9999
X	15060312	15070000	39.886305	5180
X	15070001	15080000	39.716441	6537
X	15080001	15090000	58.113029	9999
X	15090001	15100000	60.918681	9979
X	15100001	15110000	72.162569	9979
X	15110001	15120000	114.326318	9551
X	15120001	15130000	83.649611	9999
X	15130001	15140000	97.676678	9999
X	15140001	15150000	117.017610	9999
X	15150001	15160000	95.930995	9999
X	15160001	15170000	124.457088	9999
X	15170001	15180000	86.236647	9586
X	15180001	15190000	85.397203	9999
X	15190001	15200000	36.340014	9999
X	15200001	15210000	59.791757	9999
X	15210001	15220000	42.864719	9999
X	15220001	15230000	83.944196	8398
X	15230001	15240000	103.914587	9426
X	15240001	15250000	48.267786	9999
X	15250001	15260000	53.302570	9999
X	15260001	15270000	51.484998	9999
X	15270001	15280000	81.884331	9999
X	15280001	15290000	43.219807	9999
X	15290001	15300000	56.947654	9999
X	15300001	15310000	73.998253	9999
X	15310001	15320000	42.736907	9924
X	15320001	15330000	66.118250	9999
X	15330001	15340000	65.890267	9949
X	15340001	15350000	54.567401	9701
X	15350001	15360000	41.922871	9999
X	15360001	15370000	51.833536	9999
X	15370001	15380000	64.025776	9979
X	15380001	15390000	72.832452	9999
X	15390001	15400000	84.292517	9999
X	15400001	15410000	51.587193	9999
X	15410001	15420000	64.329631	9999
X	15420001	15430000	62.115016	9999
X	15430001	15440000	62.875725	9999
X	15440001	15450000	47.577019	9354
X	15450001	15460000	63.232097	9862
X	15460001	15470000	57.232011	9999
X	15470001	15480000	36.809208	9860
X	15480001	15490000	63.610172	9999
X	15490001	15500000	53.253251	9999
X	15500001	15510000	67.853306	9979
X	15510001	15520000	56.579362	9999
X	15520001	15530000	60.436975	9999
X	15530001	15540000	57.540576	9999
X	15540001	15550000	55.893618	9999
X	15550001	15560000	55.098610	9999
X	15560001	15570000	65.211140	9999
X	15570001	15580000	43.690152	9979
X	15580001	15590000	40.587168	9823
X	15590001	15600000	57.219932	9999
X	15600001	15610000	49.874526	9998
X	15610001	15620000	38.432189	9999
X	15620001	15630000	71.333858	9999
X	15630001	15640000	77.482948	9999
X	15640001	15650000	66.283992	9979
X	15650001	15660000	49.228183	9999
X	15660001	15670000	74.476615	9842
X	15670001	15680000	52.461964	9999
X	15680001	15690000	62.285216	9999
X	15690001	15700000	59.578974	9999
X	15700001	15710000	63.864427	9999
X	15710001	15720000	28.352394	9497
X	15720001	15730000	67.913401	9999
X	15730001	15740000	85.012773	9999
X	15740001	15750000	44.822878	9999
X	15750001	15760000	53.714369	9999
X	15760001	15770000	62.585451	9999
X	15770001	15780000	66.357276	9999
X	15780001	15790000	58.305174	9999
X	15790001	15800000	60.971527	9999
X	15800001	15810000	70.440828	9999
X	15810001	15820000	42.025621	9999
X	15820001	15830000	53.726340	9999
X	15830001	15840000	30.742200	9953
X	15840001	15850000	52.203273	9999
X	15850001	15860000	74.711754	9999
X	15860001	15870000	68.392525	9999
X	15870001	15880000	61.159979	9999
X	15880001	15890000	111.763771	9979
X	15890001	15900000	74.020910	9999
X	15900001	15910000	65.389431	9999
X	15910001	15920000	79.925390	9999
X	15920001	15930000	85.920602	9999
X	15930001	15940000	61.298333	9999
X	15940001	15950000	84.082270	9999
X	15950001	15960000	91.318377	9999
X	15960001	15970000	95.596832	9999
X	15970001	15980000	100.039818	9999
X	15980001	15990000	89.080268	9788
X	15990001	16000000	76.142946	9999
X	16000001	16010000	68.606023	9999
X	16010001	16020000	66.152683	9999
X	16020001	16030000	102.982661	9999
X	16030001	16040000	68.958849	9571
X	16040001	16050000	57.297370	9999
X	16050001	16060000	81.675209	9999
X	16060001	16070000	80.907845	9999
X	16070001	16080000	65.978708	9999
X	16080001	16090000	62.393978	9068
X	16090001	16100000	88.575580	9772
X	16100001	16110000	65.828302	9999
X	16110001	16120000	60.757213	9999
X	16120001	16130000	50.201909	9999
X	16130001	16140000	53.160996	9999
X	16140001	16150000	71.268636	9999
X	16150001	16160000	58.714856	9999
X	16160001	16170000	82.738667	9999
X	16170001	16180000	58.888941	9698
X	16180001	16190000	77.275506	9999
X	16190001	16200000	86.069451	9999
X	16200001	16210000	66.820647	9999
X	16210001	16220000	51.048113	9999
X	16220001	16230000	62.053276	9999
X	16230001	16240000	56.997640	9977
X	16240001	16250000	63.891885	9999
X	16250001	16260000	47.169283	9999
X	16260001	16270000	61.739887	9683
X	16270001	16280000	74.050347	9999
X	16280001	16290000	57.191031	9999
X	16290001	16300000	54.393715	9999
X	16300001	16310000	38.696112	9999
X	16310001	16320000	76.634548	9999
X	16320001	16330000	54.455850	9999
X	16330001	16340000	78.998011	9999
X	16340001	16350000	62.717905	9999
X	16350001	16360000	54.007595	9999
X	16360001	16370000	60.429654	9833
X	16370001	16380000	52.985950	9906
X	16380001	16390000	25.273559	9999
X	16390001	16400000	40.425823	9999
X	16400001	16410000	46.573202	9999
X	16410001	16420000	67.555248	9999
X	16420001	16430000	31.934951	9999
X	16430001	16440000	41.030621	9999
X	16440001	16450000	42.827250	9999
X	16450001	16460000	42.962889	9999
X	16460001	16470000	36.519791	9999
X	16470001	16480000	66.675628	9999
X	16480001	16490000	54.745437	9999
X	16490001	16500000	73.004749	9999
X	16500001	16510000	69.609280	9999
X	16510001	16520000	58.746194	9999
X	16520001	16530000	77.970944	9999
X	16530001	16540000	49.937151	9999
X	16540001	16550000	67.883912	9963
X	16550001	16560000	61.028737	9999
X	16560001	16570000	67.602739	9999
X	16570001	16580000	54.254171	9999
X	16580001	16590000	42.181786	9999
X	16590001	16600000	47.435056	9999
X	16600001	16610000	9.911288	9999
X	16610001	16620000	28.836209	9999
X	16620001	16630000	48.643312	9999
X	16630001	16640000	75.513202	9999
X	16640001	16650000	44.112224	9999
X	16650001	16660000	23.679941	9999
X	16660001	16670000	26.386758	9999
X	16670001	16680000	39.774426	9999
X	16680001	16690000	62.125695	9999
X	16703723	16710000	33.863053	6277
X	16710001	16720000	47.227817	9999
X	16720001	16730000	26.606298	9999
X	16730001	16740000	64.936710	9999
X	16740001	16750000	53.399499	9978
X	16750001	16760000	61.245329	9999
X	16760001	16770000	77.679388	9999
X	16770001	16780000	59.417865	9841
X	16780001	16790000	42.682868	9999
X	16790001	16800000	57.086677	9999
X	16800001	16810000	35.786902	9999
X	16810001	16820000	48.563529	9999
X	16820001	16830000	33.652133	9999
X	16830001	16840000	51.438319	9966
X	16840001	16850000	82.112754	9999
X	16850001	16860000	62.168155	9999
X	16860001	16870000	45.116967	9999
X	16870001	16880000	62.340516	9979
X	16880001	16890000	62.610721	9999
X	16890001	16900000	52.577795	9999
X	16900001	16910000	59.284888	9999
X	16910001	16920000	40.040001	9712
X	16920001	16930000	51.845638	9959
X	16930001	16940000	66.501353	9905
X	16940001	16950000	60.625665	9009
X	16950001	16960000	55.853209	9969
X	16960001	16970000	49.477610	9999
X	16970001	16980000	69.964016	9999
X	16980001	16990000	85.541251	9878
X	16990001	17000000	63.487678	9999
X	17000001	17010000	61.265485	9999
X	17010001	17020000	60.793856	9815
X	17020001	17030000	57.669723	9999
X	17030001	17040000	54.317989	9868
X	17040001	17050000	62.420578	9999
X	17050001	17060000	52.310049	9422
X	17060001	17070000	64.339276	9999
X	17070001	17080000	68.737866	9999
X	17080001	17090000	43.807591	9999
X	17090001	17100000	39.926614	9999
X	17100001	17110000	50.257718	9999
X	17110001	17120000	100.688859	9999
X	17120001	17130000	65.082337	9999
X	17130001	17140000	48.670335	9999
X	17140001	17150000	31.435624	9999
X	17150001	17160000	23.014688	9676
X	17160001	17170000	17.557467	9999
X	17170001	17180000	48.842307	9999
X	17180001	17190000	59.023672	9979
X	17190001	17200000	44.740684	9999
X	17210954	17220000	78.415017	9046
X	17220001	17230000	42.331433	9918
X	17230001	17240000	61.370749	9999
X	17240001	17250000	68.354948	9736
X	17250001	17260000	64.945524	9999
X	17260001	17270000	66.621908	9999
X	17284546	17290000	84.257947	5454
X	17290001	17300000	66.188112	9979
X	17300001	17310000	139.159605	9999
X	17310001	17320000	103.011816	8932
X	17320001	17330000	45.232288	9737
X	17330001	17340000	135.923204	9999
X	17340001	17350000	138.877232	9999
X	17350001	17360000	76.151215	9999
X	17360001	17370000	48.569090	6935
X	17370001	17380000	39.828839	9974
X	17380001	17390000	47.049757	9999
X	17390001	17400000	48.135405	9999
X	17400001	17410000	37.114160	9939
X	17410001	17420000	30.198499	9999
X	17420001	17430000	57.148543	9999
X	17430001	17440000	77.322234	9236
X	17440001	17450000	26.708021	9749
X	17450001	17460000	24.493196	9999
X	17460001	17470000	29.622040	9999
X	17470001	17480000	56.791713	9999
X	17480001	17490000	51.253558	9999
X	17490001	17500000	50.712395	9999
X	17500001	17510000	68.648682	9923
X	17510001	17520000	55.693058	9999
X	17520001	17530000	42.669876	9999
X	17530001	17540000	61.669754	9999
X	17540001	17550000	63.058186	8870
X	17550001	17560000	38.982579	9832
X	17560001	17570000	54.853156	9999
X	17570001	17580000	51.483168	9979
X	17580001	17590000	50.923004	9979
X	17590001	17600000	62.634501	9999
X	17600001	17610000	46.035942	9979
X	17610001	17620000	61.364246	9999
X	17620001	17630000	52.275654	9999
X	17630001	17640000	49.857631	9999
X	17640001	17650000	55.736038	9999
X	17650001	17660000	61.436742	9999
X	17660001	17670000	51.505788	9999
X	17670001	17680000	39.172934	9999
X	17680001	17690000	51.887661	9999
X	17690001	17700000	56.251618	9999
X	17700001	17710000	79.036142	9909
X	17710001	17720000	23.179471	9999
X	17720001	17730000	72.745202	9999
X	17730001	17740000	66.940330	9999
X	17740001	17750000	68.370992	9999
X	17750001	17760000	51.960643	9629
X	17760001	17770000	85.321634	9999
X	17770001	17780000	84.586590	9999
X	17780001	17790000	43.244878	9996
X	17790001	17800000	56.911757	9935
X	17800001	17810000	47.670632	9999
X	17810001	17820000	51.482383	9999
X	17820001	17830000	61.284630	9999
X	17830001	17840000	71.794673	9999
X	17840001	17850000	73.326168	9999
X	17850001	17860000	63.383627	9999
X	17860001	17870000	73.996251	9999
X	17870001	17880000	85.426680	9999
X	17880001	17890000	71.069727	9395
X	17890001	17900000	56.949665	9861
X	17900001	17910000	73.192455	9999
X	17910001	17920000	89.591026	9999
X	17920001	17930000	68.682540	9861
X	17930001	17940000	98.010279	9999
X	17940001	17950000	53.078811	9999
X	17950001	17960000	75.067083	9999
X	17960001	17970000	90.116016	9999
X	17970001	17980000	64.019223	9772
X	17980001	17990000	60.127651	9856
X	17990001	18000000	72.118661	9999
X	18000001	18010000	54.002570	9999
X	18010001	18020000	64.169067	9629
X	18020001	18030000	59.497614	9784
X	18030001	18040000	81.751017	9999
X	18040001	18050000	75.680901	9999
X	18050001	18060000	97.647901	9999
X	18060001	18070000	75.349381	9999
X	18070001	18080000	51.359300	9513
X	18080001	18090000	69.634870	9999
X	18090001	18100000	44.136869	9999
X	18100001	18110000	44.371813	9999
X	18110001	18120000	28.848058	9137
X	18120001	18130000	57.421400	9681
X	18130001	18140000	52.413252	9732
X	18140001	18150000	47.921857	9999
X	18150001	18160000	55.496655	9999
X	18160001	18170000	60.757082	9999
X	18180062	18190000	47.953844	9938
X	18190001	18200000	75.265235	9999
X	18200001	18210000	64.159088	9999
X	18210001	18220000	57.567457	9979
X	18220001	18230000	86.270999	9999
X	18230001	18240000	56.715632	9999
X	18240001	18250000	46.034885	9999
X	18250001	18260000	52.010820	9999
X	18271480	18280000	19.295170	8520
X	18280001	18290000	80.148197	9566
X	18290001	18300000	52.939334	9843
X	18300001	18310000	48.990423	9907
X	18310001	18320000	19.331919	8093
X	18320001	18330000	38.378182	9996
X	18330001	18340000	46.204791	9999
X	18340001	18350000	47.771501	9702
X	18350001	18360000	35.654931	9999
X	18360001	18370000	23.879889	9996
X	18370001	18380000	33.223296	9987
X	18380001	18390000	43.602198	9798
X	18390001	18400000	44.705267	9945
X	18400001	18410000	26.691713	9850
X	18410001	18420000	22.428649	9999
X	18420001	18430000	15.212307	9998
X	18430001	18440000	26.178916	9197
X	18440001	18450000	26.336281	9922
X	18450001	18460000	21.149403	9998
X	18460001	18470000	21.715048	9999
X	18470001	18480000	24.443223	9972
X	18480001	18490000	26.741493	9997
X	18490001	18500000	34.308197	9998
X	18500001	18510000	36.469461	9979
X	18510001	18520000	48.814830	9986
X	18520001	18530000	54.778760	9969
X	18530001	18540000	33.259310	9909
X	18540001	18550000	22.666694	9999
X	18550001	18560000	26.717036	9921
X	18560001	18570000	39.263163	9717
X	18570001	18580000	30.331386	9300
X	18580001	18590000	21.259456	9999
X	18590001	18600000	18.195746	9998
X	18600001	18610000	30.858858	9999
X	18610001	18620000	30.559214	9999
X	18620001	18630000	45.466095	9999
X	18630001	18640000	26.853249	9999
X	18640001	18650000	33.294914	9951
X	18650001	18660000	37.288571	9999
X	18660001	18670000	29.124101	9999
X	18670001	18680000	34.907589	9994
X	18680001	18690000	47.344137	9974
X	18690001	18700000	23.119865	6337
X	18700001	18710000	25.550616	9102
X	18710001	18720000	29.685217	9821
X	18720001	18730000	40.401922	9972
X	18730001	18740000	23.868416	9984
X	18740001	18750000	16.240437	9839
X	18750001	18760000	23.876519	9942
X	18760001	18770000	18.567497	9971
X	18770001	18780000	26.711948	9996
X	18780001	18790000	24.843873	9973
X	18790001	18800000	23.613391	9387
X	18800001	18810000	32.486388	9880
X	18810001	18820000	15.252987	9982
X	18820001	18830000	23.828456	9968
X	18830001	18840000	18.763425	9724
X	18840001	18850000	27.491296	9982
X	18850001	18860000	24.072270	9999
X	18860001	18870000	35.264573	9999
X	18870001	18880000	35.266724	9999
X	18880001	18890000	20.440620	9967
X	18900084	18910000	14.394846	9916
X	18910001	18920000	14.375383	9999
X	18920001	18930000	29.923433	9964
X	18930001	18940000	23.573721	9999
X	18940001	18950000	15.810097	9998
X	18950001	18960000	54.217998	9999
X	18960001	18970000	11.112124	9830
X	18970001	18980000	52.426999	9775
X	18980001	18990000	32.717829	9929
X	18990001	19000000	21.803780	9916
X	19000001	19010000	29.354444	9965
X	19010001	19020000	38.084203	8886
X	19020001	19030000	46.582510	8025
X	19030001	19040000	22.191484	9999
X	19040001	19050000	31.810084	9998
X	19050001	19060000	27.556915	9721
X	19060001	19070000	35.632802	9977
X	19070001	19080000	33.815332	9999
X	19080001	19090000	14.890440	9999
X	19090001	19100000	24.154416	9982
X	19100001	19110000	64.610101	9999
X	19110001	19120000	25.317808	9999
X	19120001	19130000	25.209658	9999
X	19130001	19140000	26.587654	9999
X	19140001	19150000	17.903583	9897
X	19150001	19160000	12.637357	9999
X	19160001	19170000	15.085112	9996
X	19170001	19180000	26.193476	9945
X	19180001	19190000	21.547700	9998
X	19190001	19200000	48.421381	9999
X	19200001	19210000	32.456572	9994
X	19210001	19220000	28.852052	9993
X	19220001	19230000	39.069862	9999
X	19230001	19240000	54.745849	9999
X	19240001	19250000	32.741581	9999
X	19250001	19260000	19.427084	9999
X	19260001	19270000	18.358215	9996
X	19270001	19280000	26.498749	9912
X	19280001	19290000	30.876548	9914
X	19290001	19300000	33.400921	9991
X	19300001	19310000	25.684857	9876
X	19310001	19320000	16.767598	9990
X	19320001	19330000	49.234650	9953
X	19330001	19340000	26.190771	9945
X	19340001	19350000	50.142709	9982
X	19350001	19360000	24.647834	9979
X	19360001	19370000	11.886465	9999
X	19370001	19380000	23.946790	9999
X	19380001	19390000	52.759922	9999
X	19390001	19400000	14.096591	9998
X	19400001	19410000	32.641147	9998
X	19410001	19420000	43.114246	9999
X	19420001	19430000	20.681009	9999
X	19430001	19440000	23.714277	9999
X	19440001	19450000	31.986286	9999
X	19450001	19460000	18.017639	9999
X	19460001	19470000	61.617252	9999
X	19470001	19480000	34.672400	9976
X	19480001	19490000	26.195824	9913
X	19490001	19500000	27.831029	9583
X	19500001	19510000	22.348493	9999
X	19510001	19520000	40.793776	9979
X	19520001	19530000	26.020636	9994
X	19530001	19540000	35.967202	9999
X	19540001	19550000	28.526915	9999
X	19550001	19560000	36.342691	9490
X	19560001	19570000	27.947353	9979
X	19570001	19580000	25.764063	9999
X	19580001	19590000	43.458743	9955
X	19590001	19600000	36.694275	8629
X	19600001	19610000	26.171333	9735
X	19620522	19630000	17.112772	9475
X	19630001	19640000	17.360765	9999
X	19640001	19650000	14.605755	9999
X	19650001	19660000	14.298942	9999
X	19660001	19670000	26.093924	9985
X	19670001	19680000	42.810084	9951
X	19680001	19690000	27.918839	9978
X	19690001	19700000	18.701091	9989
X	19700001	19710000	15.174686	9818
X	19710001	19720000	18.087282	9999
X	19720001	19730000	2.804102	9999
X	19730001	19740000	14.329953	9250
X	19740001	19750000	49.910273	8771
X	19750001	19760000	44.124225	9069
X	19760001	19770000	21.651351	9697
X	19770001	19780000	33.913101	9981
X	19780001	19790000	41.821247	8735
X	19790001	19800000	30.328462	9798
X	19800001	19810000	26.089246	9722
X	19810001	19820000	15.267517	9994
X	19820001	19830000	27.030348	9759
X	19830001	19840000	7.688370	9833
X	19840001	19850000	11.593779	9997
X	19850001	19860000	14.543636	9998
X	19860001	19870000	16.192027	9948
X	19870001	19880000	14.927040	9804
X	19880001	19890000	16.001517	9724
X	19890001	19900000	29.158170	9961
X	19900001	19910000	43.113201	9973
X	19910001	19920000	25.286398	9850
X	19920001	19930000	12.840452	9998
X	19930001	19940000	21.854252	9633
X	19960919	19970000	5.356154	7364
X	19970001	19980000	7.517766	9999
X	19980001	19990000	14.362416	9970
X	19990001	20000000	21.152718	9692
X	20000001	20010000	26.056371	9805
X	20010001	20020000	6.590504	9702
X	20020001	20030000	33.294948	9157
X	20030001	20040000	58.146212	7907
X	20040001	20050000	47.033706	8860
X	20060123	20070000	28.823300	9712
X	20070001	20080000	112.833854	9977
X	20080001	20090000	32.476339	9948
X	20090001	20100000	50.672251	9885
X	20100001	20110000	22.982175	9044
X	20110001	20120000	55.429636	8124
X	20120001	20130000	25.085212	9664
X	20130001	20140000	5.856808	9925
X	20140001	20150000	4.745010	9968
X	20150001	20160000	5.869811	8678
X	20160001	20170000	24.451957	6762
X	20170001	20180000	42.289323	9268
X	20180001	20190000	61.153278	9980
X	20190001	20200000	27.331035	9869
X	20200001	20210000	27.683653	9411
X	20210001	20220000	40.366869	9774
X	20230042	20240000	20.152180	4193
X	20240001	20250000	28.197627	4462
X	20250001	20260000	55.356917	8643
X	20260001	20270000	82.453426	9135
X	20270001	20280000	33.918299	9681
X	20280001	20290000	42.001106	9280
X	20290001	20300000	60.094728	8325
X	20300001	20310000	67.754364	7650
X	20310001	20320000	63.163159	9556
X	20320001	20330000	58.840387	7894
X	20356977	20360000	11.065452	3023
X	20360001	20370000	23.405236	9987
X	20370001	20380000	2.650878	9984
X	20380001	20390000	25.782942	9999
X	20390001	20400000	44.619877	8322
X	20400001	20410000	34.405690	9949
X	20410001	20420000	25.032701	9595
X	20420001	20430000	31.617291	9667
X	20430001	20440000	20.356026	9996
X	20440001	20450000	41.893346	9971
X	20450001	20460000	49.277700	7029
X	20460001	20470000	50.876261	8943
X	20470001	20480000	48.009881	8984
X	20480001	20490000	36.835181	9941
X	20490001	20500000	19.786963	9959
X	20500001	20510000	26.630400	5098
X	20510001	20520000	19.739914	5768
X	20520001	20530000	20.274274	5558
X	20560142	20570000	43.599524	9434
X	20570001	20580000	40.316467	8332
X	20580001	20590000	19.378449	5429
X	20590001	20600000	36.548268	9986
X	20600001	20610000	57.274780	9923
X	20610001	20620000	10.971399	3791
X	20632489	20640000	20.022036	7035
X	20640001	20650000	19.543285	9917
X	20660386	20670000	27.547610	5258
X	20670001	20680000	39.898955	9638
X	20691933	20700000	14.081809	5323
X	20700001	20710000	36.359540	8252
X	20710001	20720000	35.641751	9475
X	20730300	20740000	39.814092	6164
X	20740001	20750000	39.651938	9117
X	20750001	20760000	73.645229	8795
X	20760001	20770000	24.831916	9374
X	20770001	20780000	30.514180	8159
X	20780001	20790000	45.087335	9996
X	20790001	20800000	82.080062	9761
X	20800001	20810000	54.827762	8924
X	20810001	20820000	40.035369	9894
X	20820001	20830000	33.321318	8226
X	20830001	20840000	26.118649	9021
X	20840001	20850000	43.679321	8755
X	20850001	20860000	40.708057	9546
X	20860001	20870000	41.171948	7738
X	20870001	20880000	82.917312	8880
X	20880001	20890000	46.768378	8862
X	20890001	20900000	60.505252	8714
X	20900001	20910000	72.689241	9999
X	20910001	20920000	77.197071	9974
X	20920001	20930000	36.083434	6803
X	20930001	20940000	4.109596	1795
X	20940001	20950000	31.947187	5725
X	20967272	20970000	11.060467	2678
X	20970001	20980000	52.591054	8836
X	20980001	20990000	80.330039	9923
X	21001208	21010000	39.332366	7951
X	21010001	21020000	31.705546	8271
X	21020001	21030000	37.922352	9989
X	21030001	21040000	48.035719	9960
X	21040001	21050000	10.830372	7767
X	21060170	21070000	43.012862	9653
X	21070001	21080000	56.721435	9998
X	21080001	21090000	53.896423	9733
X	21110102	21120000	33.028347	9869
X	21134658	21140000	18.605189	3720
X	21140001	21150000	12.147727	8138
X	21150001	21160000	39.013672	9333
X	21180502	21190000	23.860132	6654
X	21190001	21200000	18.703140	6689
X	21200001	21210000	52.843778	9733
X	21210001	21220000	52.183851	9430
X	21220001	21230000	79.925547	9299
X	21230001	21240000	56.082363	7515
X	21240059	21250000	25.535864	7483
X	21250001	21260000	64.347015	9764
X	21260001	21270000	13.375539	8600
X	21270001	21280000	66.410743	9698
X	21280001	21290000	99.449269	9256
X	21309129	21310000	2.584841	837
X	21310001	21320000	36.161279	9087
X	21320001	21330000	40.693715	9971
X	21330001	21340000	42.128249	9953
X	21340001	21350000	7.922898	9999
X	21350001	21360000	8.279597	9107
X	21360001	21370000	17.539019	9920
X	21370001	21380000	41.614856	6290
X	21400824	21410000	32.889471	9134
X	21410001	21420000	123.065423	9907
X	21420001	21430000	69.621729	9238
X	21430001	21440000	42.885776	9964
X	21440001	21450000	37.138631	9811
X	21470589	21480000	64.592554	6460
X	21480001	21490000	40.211444	8105
X	21490001	21500000	51.461394	8773
X	21500001	21510000	111.365972	9777
X	21510001	21520000	49.294719	9950
X	21520001	21530000	52.468737	9939
X	21530001	21540000	22.134118	9999
X	21567297	21570000	13.213324	2652
X	21570001	21580000	29.116340	9999
X	21580001	21590000	50.959300	9794
X	21601690	21610000	47.413998	6858
X	21610001	21620000	30.754562	7413
X	21620001	21630000	67.112252	9863
X	21630001	21640000	60.973768	9476
X	21657162	21660000	3.766830	1220
X	21660001	21670000	68.316063	9933
X	21670001	21680000	49.559692	9961
X	21680001	21690000	32.332126	5817
X	21690001	21700000	81.593943	7888
X	21700001	21710000	29.757068	8676
X	21710001	21720000	16.357660	9548
X	21720001	21730000	51.276417	8463
X	21730001	21740000	63.471582	9999
X	21740001	21750000	47.136401	6950
X	21761967	21770000	19.173282	5236
X	21770001	21780000	25.031032	8637
X	21780001	21790000	48.859718	9954
X	21790002	21800000	31.010426	9038
X	21800001	21810000	62.360936	8450
X	21810001	21820000	68.508652	9985
X	21820001	21830000	42.715007	9854
X	21830001	21840000	23.497088	9998
X	21840001	21850000	54.512871	9564
X	21850001	21860000	32.108669	5955
X	21881007	21890000	54.130724	5496
X	21890001	21900000	55.540180	9933
X	21900001	21910000	57.835858	9963
X	21910001	21920000	79.012392	9037
X	21930775	21940000	66.995776	9047
X	21940001	21950000	33.454386	9995
X	21950001	21960000	78.778898	9994
X	21986872	21990000	14.425121	3128
X	21990001	22000000	32.784709	7885
X	22000001	22010000	39.377029	7998
X	22010001	22020000	46.378747	9721
X	22020001	22030000	50.921346	8311
X	22030001	22040000	81.106322	9553
X	22040001	22050000	21.666236	5436
X	22050001	22060000	59.985606	9108
X	22060001	22070000	52.710854	7843
X	22081385	22090000	38.488455	8411
X	22090001	22100000	49.241207	9875
X	22100001	22110000	35.246753	9978
X	22110001	22120000	20.596270	9975
X	22120001	22130000	51.354477	9697
X	22130001	22140000	50.476226	9987
X	22140001	22150000	62.766841	9904
X	22150001	22160000	56.198235	9997
X	22160001	22170000	57.268855	9982
X	22170001	22180000	39.235214	9148
X	22180001	22190000	31.331946	9993
X	22190001	22200000	54.043750	9860
X	22200001	22210000	28.177729	9976
X	22210001	22220000	53.779227	9027
X	22220001	22230000	43.363248	9360
X	22230001	22240000	21.935797	9618
X	22240001	22250000	42.225557	9994
X	22260029	22270000	55.644919	9124
X	22270001	22280000	26.895969	8878
X	22280001	22290000	61.515494	9987
X	22301175	22310000	31.594053	6919
X	22310001	22320000	33.863231	8416
X	22320001	22330000	54.783627	9935
X	22330001	22340000	56.956866	9980
X	22340001	22350000	18.144045	1795
X	22350001	22360000	46.054989	9499
X	22360001	22370000	46.523370	9991
X	22370001	22380000	44.851827	7586
X	22380001	22390000	43.094735	9922
X	22390001	22400000	59.542095	9990
X	22400001	22410000	80.332611	9643
X	22410001	22420000	29.567366	9351
X	22420001	22430000	50.112266	9962
X	22430001	22440000	37.535840	9688
X	22440001	22450000	28.616498	9420
X	22450001	22460000	19.607325	9983
X	22460001	22470000	48.819331	9908
X	22470001	22480000	42.494954	7288
X	22480001	22490000	37.749108	9799
X	22490001	22500000	60.902674	9494
X	22500001	22510000	42.904727	9654
X	22510001	22520000	30.555071	9045
X	22520001	22530000	71.156257	9967
X	22530001	22540000	65.950336	8782
X	22540001	22550000	19.055798	8974
X	22550001	22560000	41.404038	4489
X	22570559	22580000	17.916126	4648
X	22590512	22600000	70.356180	9484
X	22600001	22610000	58.015314	8925
X	22610001	22620000	36.347183	9089
X	22620001	22630000	55.945038	9842
X	22630001	22640000	5.362430	9949
X	22674296	22680000	39.239892	4615
X	22680001	22690000	23.452466	8706
X	22700057	22710000	39.383119	7718
X	22710001	22720000	27.944695	6478
X	22731665	22740000	7.378343	8249
X	22740001	22750000	48.027855	9940
X	22750001	22760000	46.720390	9742
X	22760001	22770000	27.922039	9599
X	22770001	22780000	20.995536	9369
X	22790070	22800000	36.958477	9775
X	22800001	22810000	46.608610	9993
X	22810001	22820000	35.602408	9991
X	22820001	22830000	28.186373	9893
X	22830001	22840000	7.600959	9894
X	22840001	22850000	75.360775	9909
X	22850001	22860000	55.820973	9819
X	22860001	22870000	47.101378	9633
X	22870001	22880000	24.544415	9949
X	22932216	22940000	15.316393	6421
X	22940001	22950000	23.598382	9951
X	22950001	22960000	22.349440	8444
X	22974426	22980000	46.943590	5546
X	22980001	22990000	97.363239	9731
X	22990001	23000000	106.676532	9958
X	23000001	23010000	83.410924	9587
X	23010001	23020000	53.788084	9737
X	23020001	23030000	34.698907	9323
X	23040827	23050000	65.693669	9024
X	23050001	23060000	48.913452	9349
X	23060001	23070000	40.916229	9481
X	23070001	23080000	58.086050	9808
X	23080001	23090000	54.694014	9999
X	23090001	23100000	59.271572	9966
X	23100001	23110000	41.755983	6320
X	23125244	23130000	13.811088	4228
X	23130001	23140000	13.632876	5398
X	23180458	23190000	69.919240	8929
X	23190001	23200000	44.540539	5981
X	23210031	23220000	44.273386	8771
X	23220001	23230000	92.717470	9878
X	23230001	23240000	42.928266	8651
X	23252510	23260000	52.892202	7438
X	23260001	23270000	64.120888	9926
X	23270001	23280000	39.176124	9995
X	23280001	23290000	55.587954	9959
X	23290001	23300000	35.599864	9597
X	23300001	23310000	66.727391	9609
X	23310001	23320000	34.223690	9934
X	23320001	23330000	25.222365	9867
X	23330001	23340000	69.993407	9590
X	23340001	23350000	39.684222	9897
X	23350001	23360000	94.746561	9676
X	23360001	23370000	72.549326	9744
X	23370001	23380000	69.391742	9717
X	23380001	23390000	205.941847	9988
X	23390001	23400000	69.332257	9881
X	23400001	23410000	80.042658	9994
X	23410001	23420000	120.783729	9942
X	23420001	23430000	47.862730	9973
X	23443621	23450000	22.746761	4296
X	23450001	23460000	29.982803	5511
X	23460001	23470000	54.059255	9999
X	23470001	23480000	42.568231	9782
X	23480001	23490000	37.226684	9494
X	23490001	23500000	31.948480	9761
X	23500001	23510000	35.192813	9613
X	23510001	23520000	34.456441	9545
X	23520001	23530000	100.011484	9695
X	23530001	23540000	49.643156	9987
X	23540001	23550000	55.624081	9549
X	23550001	23560000	51.886878	9501
X	23560001	23570000	56.579091	9948
X	23570001	23580000	61.950141	9883
X	23580001	23590000	34.861429	8462
X	23590001	23600000	57.355721	9888
X	23600001	23610000	26.586053	6832
X	23610001	23620000	42.457906	6208
X	23620001	23630000	69.229653	9394
X	23630001	23640000	48.314876	9800
X	23658996	23660000	5.564917	1004
X	23660001	23670000	50.340369	7583
X	23690030	23700000	36.608565	9888
X	23700001	23710000	44.131501	9290
X	23710001	23720000	50.691264	9970
X	23720001	23730000	38.564093	9992
X	23730001	23740000	36.130968	9947
X	23740001	23750000	31.778760	9801
X	23750001	23760000	68.281725	9887
X	23760001	23770000	55.519456	9865
X	23770001	23780000	50.449155	8817
X	23780001	23790000	21.451298	5178
X	23790001	23800000	20.521509	9946
X	23815031	23820000	9.684165	1915
X	23820001	23830000	58.512232	9583
X	23830001	23840000	46.269750	9851
X	23840001	23850000	31.970135	9865
X	23850001	23860000	24.039920	9982
X	23860001	23870000	17.338134	8896
X	23908018	23910000	18.629590	1979
X	23910001	23920000	43.675904	6520
X	23920001	23930000	75.505499	9998
X	23953066	23960000	13.354633	6754
X	23960001	23970000	12.147736	9891
X	23970001	23980000	42.408453	7810
X	23980001	23990000	22.734290	9711
X	23990001	24000000	23.310391	9927
X	24000001	24010000	26.151748	5822
X	24010001	24020000	58.337587	9711
X	24020001	24030000	76.790418	9054
X	24040313	24050000	51.993658	9308
X	24050001	24060000	46.870877	9490
X	24085938	24090000	15.458300	3781
X	24090001	24100000	46.933642	8672
X	24100001	24110000	29.271964	9265
X	24110001	24120000	14.601111	9969
X	24120001	24130000	24.115743	8755
X	24130001	24140000	63.791219	9340
X	24140001	24150000	49.950319	9738
X	24150001	24160000	37.343824	7599
X	24160001	24170000	55.338630	9699
X	24170001	24180000	59.097524	9935
X	24180001	24190000	52.245880	9670
X	24190001	24200000	64.812513	9140
X	24222022	24230000	45.136631	7084
X	24230001	24240000	25.923358	8686
X	24240001	24250000	37.567012	9954
X	24250001	24260000	29.935118	9984
X	24260001	24270000	36.119553	9525
X	24283498	24290000	53.512583	6502
X	24290001	24300000	109.165681	7766
X	24300001	24310000	93.082528	9976
X	24310001	24320000	54.811346	7627
X	24320001	24330000	32.991995	7425
X	24330001	24340000	63.666453	8911
X	24356915	24360000	15.703657	2721
X	24360001	24370000	70.158921	7877
X	24370001	24380000	184.753580	8282
X	24380001	24390000	159.833870	9249
