Chrom	WindowStart	WindowEnd	tP	nSites
X	2	10000	20.074351	9219
X	10001	20000	48.474026	9497
X	20001	30000	29.456722	9642
X	30001	40000	30.390633	9903
X	40001	50000	29.244771	9999
X	50001	60000	37.091531	9997
X	60001	70000	41.618761	9572
X	70001	80000	37.345565	9979
X	80001	90000	23.283817	9999
X	90001	100000	41.482155	9979
X	100001	110000	25.252078	9999
X	110001	120000	45.294197	9994
X	120001	130000	38.144019	9999
X	130001	140000	37.144543	9999
X	140001	150000	41.135288	9999
X	150001	160000	59.587911	9979
X	160001	170000	47.004370	9999
X	170001	180000	62.464700	9999
X	180001	190000	43.004483	9995
X	190001	200000	36.013940	9999
X	200001	210000	53.319672	9978
X	210001	220000	52.300973	9997
X	220001	230000	45.586660	9999
X	230001	240000	49.677377	9999
X	240001	250000	79.710507	9999
X	250001	260000	53.464449	9999
X	260001	270000	75.446337	9999
X	270001	280000	88.475179	9999
X	280001	290000	66.075040	9999
X	290001	300000	48.889096	9999
X	300001	310000	70.691743	9706
X	310001	320000	61.666339	9999
X	320001	330000	71.424711	9999
X	330001	340000	68.004908	9999
X	340001	350000	73.715124	9977
X	350001	360000	96.648274	9928
X	360001	370000	102.420368	9972
X	370001	380000	79.368630	9977
X	380001	390000	44.900804	9999
X	390001	400000	70.455927	9634
X	400001	410000	118.897956	9783
X	410001	420000	89.543463	9979
X	420001	430000	80.950303	9999
X	430001	440000	73.810988	9999
X	440001	450000	89.071351	9999
X	450001	460000	117.013176	9999
X	460001	470000	93.506941	9999
X	470001	480000	94.571794	9999
X	480001	490000	117.197552	9999
X	490001	500000	115.813941	9991
X	500001	510000	117.177527	9999
X	510001	520000	106.612001	9999
X	520001	530000	116.894442	9991
X	530001	540000	119.009583	9999
X	540001	550000	154.005239	9662
X	550001	560000	171.938028	9999
X	560001	570000	138.250117	9999
X	570001	580000	121.566620	9999
X	580001	590000	138.905531	9965
X	590001	600000	163.057656	9780
X	600001	610000	95.874453	9841
X	610001	620000	91.361584	9939
X	620001	630000	160.723497	9896
X	630001	640000	144.632382	9999
X	640001	650000	149.006036	9999
X	650001	660000	158.607343	9623
X	660001	670000	126.861738	8908
X	670001	680000	173.004268	9990
X	680001	690000	145.758772	9999
X	690001	700000	130.979615	9999
X	700001	710000	133.989341	9231
X	710001	720000	153.776355	9849
X	720001	730000	100.257546	9999
X	730001	740000	105.711471	9998
X	740001	750000	144.472189	9989
X	750001	760000	121.794969	9224
X	760001	770000	123.065958	9999
X	770001	780000	129.242545	9851
X	780001	790000	95.200523	9536
X	790001	800000	97.223705	9541
X	800001	810000	103.633988	9999
X	810001	820000	146.768269	9999
X	820001	830000	120.650615	9999
X	830001	840000	109.904659	9999
X	840001	850000	115.734517	9985
X	850001	860000	146.056628	9897
X	860001	870000	128.941590	9999
X	870001	880000	107.875655	9949
X	880001	890000	102.052001	9999
X	890001	900000	124.221786	9981
X	900001	910000	129.583434	9769
X	910001	920000	106.059177	9999
X	920001	930000	105.826447	9871
X	930001	940000	98.813436	9998
X	940001	950000	99.992404	9763
X	950001	960000	104.536259	9498
X	960001	970000	142.129343	9979
X	970001	980000	126.548552	9892
X	990435	1000000	90.549798	9565
X	1000001	1010000	115.928929	9535
X	1010001	1020000	81.057234	9979
X	1020001	1030000	65.077860	8529
X	1030001	1040000	143.364988	9767
X	1040001	1050000	157.313021	9463
X	1050001	1060000	120.743053	9998
X	1060001	1070000	126.597241	9203
X	1070001	1080000	144.675761	9983
X	1080001	1090000	163.281751	9913
X	1090001	1100000	134.987068	9922
X	1100001	1110000	113.104701	9979
X	1110001	1120000	69.112488	9999
X	1120001	1130000	114.950833	9999
X	1130001	1140000	180.025484	9998
X	1140001	1150000	151.802918	9182
X	1150001	1160000	134.548489	9493
X	1160001	1170000	147.668848	9996
X	1170001	1180000	165.823279	9970
X	1180001	1190000	172.120676	9999
X	1190001	1200000	159.513191	9999
X	1200001	1210000	128.574418	9999
X	1210001	1220000	143.161384	9994
X	1220001	1230000	146.408386	9646
X	1230001	1240000	154.955547	9999
X	1240001	1250000	121.241810	9728
X	1250001	1260000	98.392656	9999
X	1260001	1270000	116.300683	9999
X	1270001	1280000	128.164326	9998
X	1280001	1290000	100.192873	9977
X	1290001	1300000	87.588023	9979
X	1300001	1310000	60.413565	9882
X	1310001	1320000	96.700591	9999
X	1320001	1330000	119.244964	9352
X	1330001	1340000	198.594987	9979
X	1340001	1350000	136.122561	9952
X	1350001	1360000	126.639500	9978
X	1360001	1370000	143.141604	9999
X	1370001	1380000	104.223005	9943
X	1390223	1400000	156.533150	9007
X	1400001	1410000	152.731131	9999
X	1410001	1420000	132.437526	9999
X	1420001	1430000	108.854638	9999
X	1430001	1440000	112.691291	9999
X	1440001	1450000	127.531752	9998
X	1450001	1460000	118.437985	9999
X	1460001	1470000	125.573601	9998
X	1470001	1480000	135.784224	9845
X	1480001	1490000	150.637170	9998
X	1490001	1500000	146.686324	9979
X	1500001	1510000	135.326383	9999
X	1510001	1520000	145.688776	9966
X	1520001	1530000	78.150384	9999
X	1530001	1540000	128.067824	9999
X	1540001	1550000	133.294080	9999
X	1550001	1560000	93.958018	9999
X	1560001	1570000	131.685638	9387
X	1570001	1580000	123.686614	9978
X	1580001	1590000	136.010701	9518
X	1590001	1600000	173.918480	9964
X	1600001	1610000	185.187725	9846
X	1610001	1620000	97.994031	9998
X	1620001	1630000	148.985459	9998
X	1630001	1640000	148.515389	8496
X	1640001	1650000	136.995520	9992
X	1650001	1660000	143.680528	9999
X	1660001	1670000	135.067551	9490
X	1670001	1680000	114.840564	9996
X	1680001	1690000	102.196548	9979
X	1690001	1700000	126.397225	9962
X	1700001	1710000	118.311418	9999
X	1710001	1720000	142.089127	9882
X	1720001	1730000	107.001900	9986
X	1730001	1740000	116.068610	9650
X	1740001	1750000	140.824987	9999
X	1750001	1760000	125.195600	9999
X	1760001	1770000	136.743303	9977
X	1770001	1780000	92.053882	9966
X	1780001	1790000	123.865935	9999
X	1790001	1800000	113.677966	9965
X	1800001	1810000	114.556774	9999
X	1810001	1820000	139.847155	9630
X	1820001	1830000	152.748282	9996
X	1830001	1840000	123.595077	9974
X	1840001	1850000	80.697655	9978
X	1850001	1860000	80.539021	9998
X	1860001	1870000	98.567151	9566
X	1870001	1880000	165.974621	9297
X	1880001	1890000	160.686739	9874
X	1890001	1900000	139.173317	9999
X	1900001	1910000	144.429355	9999
X	1910001	1920000	130.904960	9511
X	1920001	1930000	145.325066	9996
X	1930001	1940000	145.364935	9786
X	1940001	1950000	128.893960	9597
X	1950001	1960000	140.156627	9998
X	1960001	1970000	98.448140	9497
X	1970001	1980000	181.848567	9938
X	1980001	1990000	142.125605	9999
X	1990001	2000000	150.398251	9997
X	2000001	2010000	96.295316	9999
X	2010001	2020000	91.558486	9999
X	2020001	2030000	107.332469	9999
X	2030001	2040000	106.838991	9999
X	2040001	2050000	142.772803	9432
X	2050001	2060000	134.023589	9999
X	2060001	2070000	99.882483	9721
X	2070001	2080000	112.323165	9843
X	2080001	2090000	89.356258	9999
X	2090001	2100000	64.736878	9999
X	2100001	2110000	84.270342	9999
X	2110001	2120000	98.636146	9999
X	2120001	2130000	84.970678	9926
X	2130001	2140000	75.415966	9999
X	2140001	2150000	87.256949	9999
X	2150001	2160000	76.283232	9999
X	2160001	2170000	103.836099	9998
X	2170001	2180000	97.944197	9563
X	2180001	2190000	123.010541	9978
X	2190001	2200000	130.472455	9994
X	2200001	2210000	162.045777	9981
X	2210001	2220000	126.917812	9781
X	2220001	2230000	138.117261	9676
X	2230001	2240000	117.834415	9979
X	2240001	2250000	130.942047	9994
X	2250001	2260000	134.318040	9999
X	2260001	2270000	116.756772	9770
X	2270001	2280000	110.042396	9990
X	2280001	2290000	166.877508	9990
X	2290001	2300000	134.424241	9391
X	2300001	2310000	149.905161	9979
X	2310001	2320000	108.896129	9999
X	2320001	2330000	129.330976	9858
X	2330001	2340000	131.394867	9999
X	2340001	2350000	118.376878	9996
X	2350001	2360000	144.054010	9945
X	2360001	2370000	147.897016	9979
X	2370001	2380000	131.227279	9737
X	2380001	2390000	88.809459	9999
X	2390001	2400000	154.043441	9979
X	2400001	2410000	141.149233	9999
X	2410001	2420000	125.094759	9935
X	2420001	2430000	140.735347	9999
X	2430001	2440000	132.532402	9999
X	2440001	2450000	160.728903	9922
X	2450001	2460000	139.379852	9998
X	2460001	2470000	111.133124	9999
X	2470001	2480000	104.748635	9999
X	2480001	2490000	118.783858	9965
X	2490001	2500000	148.807111	9963
X	2500001	2510000	120.544516	9999
X	2510001	2520000	125.290302	9999
X	2520001	2530000	112.681963	9999
X	2530001	2540000	130.052945	9998
X	2540001	2550000	128.181154	9559
X	2560280	2570000	126.454993	9720
X	2570001	2580000	174.020357	9696
X	2580001	2590000	107.793777	9489
X	2590001	2600000	99.936811	9979
X	2600001	2610000	130.684712	9942
X	2610001	2620000	143.528909	9808
X	2620001	2630000	113.001993	9913
X	2630001	2640000	137.854002	9999
X	2640001	2650000	143.637335	8976
X	2650001	2660000	141.593687	9999
X	2660001	2670000	141.852905	9998
X	2670001	2680000	164.612337	9999
X	2680001	2690000	112.689394	9999
X	2690001	2700000	96.323761	9999
X	2700001	2710000	112.761480	9974
X	2710001	2720000	114.523736	9527
X	2720001	2730000	127.441173	9916
X	2730001	2740000	111.944747	9979
X	2740001	2750000	147.833768	9999
X	2750001	2760000	117.494414	9999
X	2760001	2770000	127.820311	9999
X	2770001	2780000	117.892707	9518
X	2780001	2790000	148.305310	9979
X	2790001	2800000	204.771518	9995
X	2800001	2810000	137.983451	9999
X	2810001	2820000	143.032511	9999
X	2820001	2830000	150.569181	9973
X	2830001	2840000	105.228592	9999
X	2840001	2850000	105.518114	9979
X	2850001	2860000	120.264745	9999
X	2860001	2870000	116.824340	9979
X	2870001	2880000	139.167322	9999
X	2880001	2890000	114.067228	9430
X	2890001	2900000	89.381853	9999
X	2900001	2910000	115.792284	9713
X	2910001	2920000	67.099662	9979
X	2920001	2930000	80.244504	9917
X	2930001	2940000	82.500446	9995
X	2940001	2950000	78.444642	9999
X	2950001	2960000	94.279933	9997
X	2960001	2970000	111.722559	9999
X	2970001	2980000	178.617585	9999
X	2980001	2990000	62.012765	5901
X	2990001	3000000	84.128376	9999
X	3000001	3010000	83.512857	9999
X	3010001	3020000	97.545680	9999
X	3020001	3030000	83.714465	9318
X	3030001	3040000	89.577547	9999
X	3040001	3050000	85.011268	8022
X	3050001	3060000	68.650643	9992
X	3060001	3070000	88.041729	9999
X	3070001	3080000	132.290587	9996
X	3080001	3090000	94.789325	9999
X	3090001	3100000	139.515291	9999
X	3100001	3110000	126.961050	9999
X	3110001	3120000	122.883030	9997
X	3120001	3130000	92.007200	9999
X	3130001	3140000	113.129384	9999
X	3140001	3150000	143.077286	9870
X	3150001	3160000	143.501773	9999
X	3160001	3170000	140.366520	9999
X	3170001	3180000	145.200220	9979
X	3180001	3190000	135.509614	9999
X	3190001	3200000	122.369873	9999
X	3200001	3210000	104.384553	9975
X	3210001	3220000	141.420402	9979
X	3220001	3230000	101.409810	9999
X	3230001	3240000	109.494341	9999
X	3240001	3250000	65.894116	9928
X	3250001	3260000	97.812757	9999
X	3260001	3270000	149.470306	9994
X	3270001	3280000	150.351402	9998
X	3280001	3290000	111.182172	8362
X	3290001	3300000	101.702731	9963
X	3300001	3310000	97.055034	9999
X	3310001	3320000	113.639308	9999
X	3335581	3340000	81.526778	4419
X	3350623	3360000	116.413691	9377
X	3370205	3380000	139.344979	9370
X	3380001	3390000	184.167945	9999
X	3390001	3400000	131.731123	9576
X	3400001	3410000	133.337265	9999
X	3410001	3420000	117.062889	9991
X	3420001	3430000	95.916162	9999
X	3430001	3440000	153.802399	9999
X	3440001	3450000	155.860543	9877
X	3450001	3460000	147.283299	9880
X	3460001	3470000	128.566065	9999
X	3470001	3480000	72.235662	9999
X	3480001	3490000	84.434717	9998
X	3490001	3500000	146.784485	9998
X	3500001	3510000	155.341595	9997
X	3510001	3520000	146.169987	9869
X	3520001	3530000	167.420966	9979
X	3530001	3540000	139.618205	9999
X	3540001	3550000	133.597392	9454
X	3550001	3560000	99.866964	9999
X	3560001	3570000	90.653489	8292
X	3570001	3580000	131.600785	9968
X	3580001	3590000	130.358988	9854
X	3590001	3600000	146.005293	9999
X	3600001	3610000	136.482937	9999
X	3610001	3620000	94.705888	9999
X	3620001	3630000	185.846280	9480
X	3630001	3640000	164.627753	9999
X	3640001	3650000	177.829720	9582
X	3650001	3660000	166.331379	9977
X	3660001	3670000	138.200415	8661
X	3670001	3680000	198.340864	9919
X	3680001	3690000	130.378892	9989
X	3690001	3700000	178.614157	9999
X	3700001	3710000	150.262722	9998
X	3710001	3720000	163.539643	9979
X	3720001	3730000	156.129117	9999
X	3730001	3740000	170.055152	9998
X	3740001	3750000	143.830793	9999
X	3750001	3760000	173.139440	9957
X	3760001	3770000	200.476822	9969
X	3770001	3780000	166.612177	9999
X	3780001	3790000	148.153885	9911
X	3790001	3800000	155.784646	9600
X	3800001	3810000	189.796259	9845
X	3810001	3820000	146.209733	9997
X	3820001	3830000	144.645075	9997
X	3830001	3840000	164.781965	9999
X	3840001	3850000	166.966205	9996
X	3850001	3860000	173.540135	9998
X	3860001	3870000	158.132030	9999
X	3870001	3880000	142.136305	9999
X	3880001	3890000	157.240016	9656
X	3890001	3900000	169.198393	9430
X	3900001	3910000	115.332305	8567
X	3910001	3920000	130.314681	9850
X	3920001	3930000	125.468693	9999
X	3930001	3940000	114.259746	8105
X	3940001	3950000	159.751652	9892
X	3950001	3960000	165.262176	8817
X	3960001	3970000	133.002863	9775
X	3970001	3980000	142.516808	9959
X	3980001	3990000	129.724735	9999
X	3990001	4000000	176.641257	9507
X	4000001	4010000	125.848339	9999
X	4010001	4020000	212.500518	9800
X	4020001	4030000	187.261661	9923
X	4030001	4040000	195.225870	9999
X	4040001	4050000	168.977882	9930
X	4050001	4060000	172.329432	9874
X	4060001	4070000	186.467578	9881
X	4070001	4080000	137.209836	9854
X	4080001	4090000	117.207791	9944
X	4090001	4100000	143.956622	9231
X	4100001	4110000	160.593070	9852
X	4110001	4120000	166.635322	9999
X	4120001	4130000	160.263237	9999
X	4130001	4140000	98.742012	9979
X	4140001	4150000	138.642505	9999
X	4150001	4160000	113.449374	9979
X	4160001	4170000	143.682694	9999
X	4170001	4180000	133.225689	9911
X	4180001	4190000	120.533890	9998
X	4190001	4200000	120.233779	9999
X	4200001	4210000	135.508142	9998
X	4210001	4220000	152.285094	9999
X	4220001	4230000	105.790338	9999
X	4230001	4240000	143.737248	9976
X	4240001	4250000	171.559890	9999
X	4250001	4260000	129.389893	9911
X	4260001	4270000	132.132195	9897
X	4270001	4280000	110.980839	9998
X	4280001	4290000	132.988377	9997
X	4290001	4300000	104.456683	9998
X	4300001	4310000	118.508750	9984
X	4310001	4320000	156.130888	9999
X	4320001	4330000	167.412694	9991
X	4330001	4340000	118.243311	9785
X	4340001	4350000	105.603157	9999
X	4350001	4360000	116.459690	9996
X	4360001	4370000	182.562879	9978
X	4370001	4380000	122.614993	9890
X	4390127	4400000	139.746507	9873
X	4400001	4410000	151.004010	9999
X	4410001	4420000	155.559481	9922
X	4420001	4430000	173.312539	9966
X	4430001	4440000	162.639114	9978
X	4440001	4450000	117.655887	9999
X	4450001	4460000	154.025445	9999
X	4460001	4470000	153.834873	9999
X	4470001	4480000	148.122903	9999
X	4480001	4490000	152.071391	9427
X	4490001	4500000	122.910447	9527
X	4500001	4510000	108.180835	9999
X	4510001	4520000	159.208069	9999
X	4520001	4530000	144.381847	9841
X	4530001	4540000	117.913677	9999
X	4540001	4550000	150.387496	9419
X	4550001	4560000	90.243605	9678
X	4560001	4570000	145.015133	9999
X	4570001	4580000	93.212221	9999
X	4580001	4590000	128.626847	9983
X	4590001	4600000	133.615814	9999
X	4600001	4610000	106.197471	9979
X	4610001	4620000	139.821452	9977
X	4620001	4630000	191.570579	9844
X	4630001	4640000	179.608627	9754
X	4640001	4650000	184.311598	9999
X	4650001	4660000	188.561132	9972
X	4660001	4670000	169.667412	8710
X	4670001	4680000	131.533813	9937
X	4680001	4690000	79.046866	9564
X	4690001	4700000	180.803016	9687
X	4710626	4720000	179.188719	9211
X	4720001	4730000	145.635631	8372
X	4730001	4740000	150.354669	9999
X	4740001	4750000	150.875077	9979
X	4750001	4760000	138.120103	9959
X	4760001	4770000	120.546183	9959
X	4770001	4780000	128.306879	9979
X	4780001	4790000	144.865189	9910
X	4790001	4800000	125.977240	9999
X	4800001	4810000	135.623556	9979
X	4810001	4820000	129.113353	9822
X	4820001	4830000	171.432869	9996
X	4830001	4840000	160.202930	9998
X	4840001	4850000	123.771658	9999
X	4850001	4860000	106.655142	9999
X	4860001	4870000	148.488720	8897
X	4870001	4880000	140.769318	9858
X	4880001	4890000	131.480069	9998
X	4890001	4900000	140.433195	9999
X	4900001	4910000	95.162571	9972
X	4910001	4920000	165.397113	9998
X	4920001	4930000	89.833472	8651
X	4930001	4940000	141.065993	9993
X	4940001	4950000	122.184282	9999
X	4950001	4960000	110.818380	9494
X	4960001	4970000	110.642190	9999
X	4970001	4980000	141.801657	9730
X	4980001	4990000	92.285081	9856
X	4990001	5000000	108.827319	9999
X	5000001	5010000	91.103169	9999
X	5010001	5020000	127.207902	9999
X	5020001	5030000	129.791204	9871
X	5030001	5040000	146.455865	9999
X	5040001	5050000	116.523149	9979
X	5050001	5060000	111.068148	9453
X	5060001	5070000	142.644413	9999
X	5070001	5080000	140.723786	9223
X	5080001	5090000	133.686833	9562
X	5090001	5100000	139.152345	9999
X	5100001	5110000	143.044154	9915
X	5110001	5120000	124.857568	9999
X	5120001	5130000	139.623933	9998
X	5130001	5140000	166.728056	9999
X	5140001	5150000	195.647248	9999
X	5150001	5160000	196.564087	9999
X	5160001	5170000	190.510446	9933
X	5170001	5180000	143.949420	9999
X	5180001	5190000	166.763916	9998
X	5190001	5200000	157.925172	9937
X	5210364	5220000	148.813824	9567
X	5220001	5230000	159.073998	9513
X	5230001	5240000	181.027153	9873
X	5240001	5250000	154.990656	9999
X	5250001	5260000	207.101666	9917
X	5260001	5270000	152.907349	9728
X	5270001	5280000	162.490627	9999
X	5280001	5290000	173.299125	9997
X	5290001	5300000	194.873918	9998
X	5300001	5310000	152.702961	9787
X	5310001	5320000	226.029355	9978
X	5320001	5330000	169.961140	9999
X	5330001	5340000	172.146336	9999
X	5340001	5350000	123.821865	9917
X	5350001	5360000	94.388135	9999
X	5360001	5370000	110.475843	9999
X	5370001	5380000	138.706194	9998
X	5380001	5390000	147.008108	9573
X	5390001	5400000	121.446997	9928
X	5410285	5420000	146.218860	9627
X	5420001	5430000	128.013392	9884
X	5430001	5440000	135.615437	9979
X	5440001	5450000	113.979890	9999
X	5450001	5460000	149.491391	9991
X	5460001	5470000	62.677142	9999
X	5470001	5480000	132.409480	9999
X	5480001	5490000	116.828505	9994
X	5490001	5500000	145.216471	9880
X	5500001	5510000	153.936920	8717
X	5510001	5520000	95.018545	9999
X	5520001	5530000	155.869036	9984
X	5530001	5540000	147.211187	9964
X	5540001	5550000	179.248611	9999
X	5550001	5560000	169.562244	9999
X	5560001	5570000	129.457619	9978
X	5570001	5580000	103.927951	9999
X	5580001	5590000	115.603484	9999
X	5590001	5600000	101.752724	9882
X	5600001	5610000	162.150423	9978
X	5610001	5620000	130.124013	9996
X	5620001	5630000	120.016804	9646
X	5630001	5640000	162.852055	9999
X	5640001	5650000	123.708457	9999
X	5650001	5660000	112.529510	9999
X	5660001	5670000	169.006459	9994
X	5670001	5680000	137.778259	9999
X	5680001	5690000	133.815728	9999
X	5690001	5700000	117.535140	9999
X	5700001	5710000	121.523412	9994
X	5710001	5720000	106.446284	9999
X	5720001	5730000	134.102556	9999
X	5740261	5750000	114.554162	9739
X	5750001	5760000	110.962967	9983
X	5760001	5770000	151.322989	9999
X	5770001	5780000	89.661352	9969
X	5780001	5790000	97.325890	9974
X	5790001	5800000	83.831296	9999
X	5800001	5810000	91.671364	9999
X	5810001	5820000	145.780030	9999
X	5820001	5830000	126.583743	9896
X	5830001	5840000	135.313967	9999
X	5840001	5850000	118.230648	9999
X	5850001	5860000	98.383145	9827
X	5860001	5870000	137.835099	9998
X	5870001	5880000	102.091571	9999
X	5880001	5890000	120.543463	9999
X	5890001	5900000	92.506256	9999
X	5900001	5910000	58.138068	9710
X	5910001	5920000	107.719766	9780
X	5920001	5930000	128.982109	9998
X	5930001	5940000	116.375350	9991
X	5940001	5950000	161.862736	9978
X	5950001	5960000	161.974372	9998
X	5960001	5970000	111.392573	9999
X	5970001	5980000	172.773015	9999
X	5980001	5990000	115.492429	9999
X	5990001	6000000	173.109774	9562
X	6000001	6010000	183.996980	9479
X	6010001	6020000	214.284768	9999
X	6020001	6030000	204.286306	9973
X	6030001	6040000	215.419194	9999
X	6040001	6050000	201.129434	9932
X	6050001	6060000	157.760396	9999
X	6060001	6070000	161.609045	9909
X	6070001	6080000	166.803527	9999
X	6080001	6090000	112.911200	9992
X	6090001	6100000	154.434468	9999
X	6100001	6110000	172.279491	9999
X	6110001	6120000	239.668523	9999
X	6120001	6130000	168.236266	9999
X	6130001	6140000	171.475223	9999
X	6160158	6170000	104.837962	9594
X	6170001	6180000	97.062354	9999
X	6180001	6190000	76.023731	8617
X	6190001	6200000	143.320503	9999
X	6200001	6210000	195.811007	9953
X	6210001	6220000	196.816000	9979
X	6220001	6230000	100.476032	9999
X	6230001	6240000	123.106205	9773
X	6240001	6250000	103.220360	9999
X	6250001	6260000	83.971840	9999
X	6260001	6270000	163.389613	9999
X	6270001	6280000	200.621800	9896
X	6280001	6290000	151.924746	9999
X	6290001	6300000	225.463810	9939
X	6300001	6310000	147.393171	9865
X	6310001	6320000	177.532829	9936
X	6320001	6330000	165.819242	9931
X	6330001	6340000	160.385954	9860
X	6340001	6350000	119.079528	9999
X	6350001	6360000	120.666449	9845
X	6360001	6370000	126.363814	9971
X	6370001	6380000	143.245911	9999
X	6380001	6390000	172.570078	9999
X	6390001	6400000	158.215558	9999
X	6400001	6410000	147.127277	9999
X	6410001	6420000	152.388562	9972
X	6420001	6430000	142.416017	9999
X	6430001	6440000	183.558438	9999
X	6440001	6450000	228.597560	9235
X	6450001	6460000	173.244156	9907
X	6460001	6470000	149.219892	9361
X	6470001	6480000	189.441298	9645
X	6480001	6490000	152.913585	9999
X	6490001	6500000	164.875306	8559
X	6500001	6510000	155.642036	9928
X	6510001	6520000	266.307526	9997
X	6520001	6530000	279.999230	9990
X	6530001	6540000	175.214563	9569
X	6540001	6550000	182.078499	9950
X	6550001	6560000	132.335604	9458
X	6560001	6570000	176.465908	9372
X	6570001	6580000	207.334332	9999
X	6580001	6590000	197.812525	9950
X	6590001	6600000	203.475060	9572
X	6600001	6610000	206.356790	9999
X	6610001	6620000	171.681728	9999
X	6620001	6630000	175.837497	9999
X	6630001	6640000	218.685104	9999
X	6640001	6650000	177.367001	9999
X	6650001	6660000	191.615365	9153
X	6660001	6670000	189.082539	9999
X	6670001	6680000	237.310249	9999
X	6680001	6690000	223.530185	9999
X	6690001	6700000	165.804736	9409
X	6700001	6710000	184.917716	9956
X	6710001	6720000	231.826674	9994
X	6720001	6730000	204.990652	9999
X	6730001	6740000	221.262839	9976
X	6740001	6750000	195.843608	9996
X	6750001	6760000	104.347434	9999
X	6760001	6770000	112.359756	9999
X	6770001	6780000	176.779004	9998
X	6780001	6790000	70.529470	9999
X	6790001	6800000	141.806224	9999
X	6800001	6810000	172.648246	9959
X	6810001	6820000	151.934378	9629
X	6820001	6830000	248.083088	9958
X	6830001	6840000	191.954042	9651
X	6840001	6850000	184.484241	9999
X	6850001	6860000	125.867914	9999
X	6860001	6870000	141.649064	9995
X	6870001	6880000	154.897421	9999
X	6880001	6890000	168.708778	9995
X	6890001	6900000	149.266398	9999
X	6900001	6910000	173.163755	9986
X	6910001	6920000	160.019822	9979
X	6920001	6930000	153.180359	9886
X	6930001	6940000	188.626790	9999
X	6940001	6950000	200.127968	9999
X	6950001	6960000	151.321280	9526
X	6960001	6970000	214.889158	9996
X	6970001	6980000	209.294733	9998
X	6980001	6990000	211.271915	9999
X	6990001	7000000	187.468578	9979
X	7000001	7010000	130.757237	9999
X	7010001	7020000	157.957007	9861
X	7020001	7030000	201.874647	9999
X	7030001	7040000	187.645971	9919
X	7040001	7050000	156.019678	9999
X	7050001	7060000	201.920203	9999
X	7060001	7070000	68.804846	9091
X	7070001	7080000	142.831700	9977
X	7080001	7090000	150.957925	9999
X	7090001	7100000	169.744710	9999
X	7100001	7110000	166.030803	9952
X	7110001	7120000	129.207248	9942
X	7120001	7130000	160.355097	9999
X	7130001	7140000	117.851572	9999
X	7140001	7150000	107.236847	9906
X	7150001	7160000	124.353151	9998
X	7160001	7170000	116.688270	9999
X	7170001	7180000	147.273990	9999
X	7180001	7190000	96.794765	9998
X	7190001	7200000	90.327669	9999
X	7200001	7210000	148.627719	9992
X	7210001	7220000	120.059820	9680
X	7220001	7230000	138.956760	9182
X	7230001	7240000	84.043906	9972
X	7240001	7250000	110.932141	9999
X	7250001	7260000	89.342332	9999
X	7260001	7270000	110.300391	9999
X	7270001	7280000	121.405267	9999
X	7280001	7290000	54.186003	9947
X	7290001	7300000	91.260888	9928
X	7300001	7310000	104.062765	9999
X	7310001	7320000	92.291374	9999
X	7320001	7330000	128.521763	9999
X	7330001	7340000	97.727943	9999
X	7340001	7350000	117.434278	9759
X	7350001	7360000	130.381320	9974
X	7360001	7370000	102.715430	8548
X	7370001	7380000	126.682004	9791
X	7380001	7390000	141.490054	9996
X	7390001	7400000	125.106380	9999
X	7400001	7410000	111.901645	9999
X	7410001	7420000	117.671883	9985
X	7420001	7430000	152.027211	9999
X	7430001	7440000	120.507493	9999
X	7440001	7450000	120.049587	9564
X	7450001	7460000	72.533040	9965
X	7460001	7470000	67.796691	9999
X	7470001	7480000	95.377005	9999
X	7480001	7490000	126.142218	9999
X	7490001	7500000	120.762132	9977
X	7500001	7510000	119.661264	9946
X	7510001	7520000	135.402365	9999
X	7520001	7530000	96.153124	9769
X	7530001	7540000	151.753250	9999
X	7540001	7550000	134.095694	9996
X	7550001	7560000	148.722037	9998
X	7560001	7570000	171.685980	9986
X	7570001	7580000	184.184095	9999
X	7580001	7590000	158.623755	9999
X	7590001	7600000	97.594429	9913
X	7600001	7610000	50.072563	9999
X	7610001	7620000	112.602174	9449
X	7620001	7630000	57.261996	9979
X	7630001	7640000	108.715151	9999
X	7640001	7650000	106.939843	9953
X	7650001	7660000	107.627388	9996
X	7660001	7670000	129.420814	9999
X	7670001	7680000	104.869906	9999
X	7680001	7690000	162.854890	9999
X	7690001	7700000	118.766504	9925
X	7700001	7710000	107.482337	9780
X	7710001	7720000	108.920564	9999
X	7720001	7730000	100.070953	9988
X	7730001	7740000	119.036801	9999
X	7740001	7750000	85.124554	8346
X	7750001	7760000	83.004794	9582
X	7760001	7770000	111.126264	9999
X	7770001	7780000	123.356997	9999
X	7790735	7800000	80.800946	9256
X	7800001	7810000	62.325769	9432
X	7820051	7830000	102.087968	6976
X	7830001	7840000	124.569079	9924
X	7840001	7850000	106.374679	9999
X	7850001	7860000	130.420362	9999
X	7860001	7870000	88.015687	9999
X	7870001	7880000	100.943472	9999
X	7880001	7890000	102.487535	9962
X	7890001	7900000	147.139981	9999
X	7900001	7910000	131.923041	9999
X	7910001	7920000	101.981190	9999
X	7920001	7930000	139.586333	9709
X	7930001	7940000	171.729572	9999
X	7940001	7950000	161.061449	9965
X	7950001	7960000	138.303442	9603
X	7960001	7970000	116.426651	9999
X	7970001	7980000	176.307195	9759
X	7980001	7990000	73.292649	9999
X	7990001	8000000	122.223370	9999
X	8000001	8010000	141.163713	9994
X	8010001	8020000	142.588380	9998
X	8020001	8030000	112.077584	9999
X	8040102	8050000	104.183151	9345
X	8050001	8060000	102.651619	9999
X	8060001	8070000	118.210881	9999
X	8070001	8080000	112.144344	9999
X	8080001	8090000	141.236530	9999
X	8090001	8100000	149.468001	9978
X	8100001	8110000	138.982508	9999
X	8110001	8120000	119.320402	9999
X	8120001	8130000	98.688453	9840
X	8130001	8140000	102.760668	8014
X	8140001	8150000	98.936127	8848
X	8150001	8160000	148.555243	9999
X	8160001	8170000	145.713054	9743
X	8170001	8180000	140.458144	9959
X	8180001	8190000	144.011613	9999
X	8190001	8200000	161.976364	9999
X	8200001	8210000	164.301326	9999
X	8210001	8220000	113.300505	9999
X	8220001	8230000	214.464779	9999
X	8230001	8240000	167.000714	9994
X	8240001	8250000	161.039236	9474
X	8250001	8260000	135.506882	9597
X	8260001	8270000	111.926136	9999
X	8270001	8280000	170.251449	9999
X	8280001	8290000	186.585256	9979
X	8290001	8300000	184.888413	9999
X	8300001	8310000	177.630899	9999
X	8310001	8320000	158.046997	9987
X	8320001	8330000	185.990186	9999
X	8330001	8340000	243.042790	9998
X	8340001	8350000	196.946111	9999
X	8350001	8360000	173.392230	9999
X	8360001	8370000	166.052567	9999
X	8370001	8380000	152.381715	9999
X	8380001	8390000	230.082818	9897
X	8390001	8400000	162.526626	9998
X	8400001	8410000	183.926654	9998
X	8410001	8420000	163.631638	9372
X	8420001	8430000	115.431624	9645
X	8430001	8440000	148.766067	9999
X	8440001	8450000	166.186666	9999
X	8450001	8460000	164.279163	9885
X	8460001	8470000	164.272332	9998
X	8470001	8480000	223.046268	9857
X	8480001	8490000	123.323091	9642
X	8490001	8500000	156.764142	9999
X	8500001	8510000	170.397105	9959
X	8510001	8520000	163.077234	9997
X	8520001	8530000	186.914530	9999
X	8530001	8540000	118.854012	9991
X	8540001	8550000	168.051233	9954
X	8550001	8560000	148.872888	9871
X	8560001	8570000	172.554902	9814
X	8570001	8580000	140.337314	9979
X	8580001	8590000	97.258606	9959
X	8590001	8600000	194.005322	9999
X	8600001	8610000	141.852419	9916
X	8610001	8620000	206.605860	9761
X	8620001	8630000	157.467429	9999
X	8630001	8640000	126.107073	9999
X	8640001	8650000	163.528102	9998
X	8660212	8670000	201.795223	9787
X	8670001	8680000	124.054183	9609
X	8680001	8690000	107.319554	9807
X	8690001	8700000	117.251948	9999
X	8700001	8710000	173.489663	9993
X	8710001	8720000	140.375217	9999
X	8720001	8730000	141.688036	9939
X	8730001	8740000	160.249592	9827
X	8740001	8750000	109.513450	9999
X	8760659	8770000	69.725244	9341
X	8770001	8780000	136.864019	9999
X	8780001	8790000	117.985112	9627
X	8790001	8800000	96.812394	9638
X	8800001	8810000	165.209921	9855
X	8810001	8820000	197.876198	9541
X	8820001	8830000	120.923818	9999
X	8830001	8840000	159.898936	9094
X	8840001	8850000	132.532799	9686
X	8850001	8860000	128.431341	9999
X	8860001	8870000	129.483039	9999
X	8870001	8880000	157.492673	9999
X	8880001	8890000	135.953893	9999
X	8890001	8900000	155.821346	9999
X	8900001	8910000	154.168098	9999
X	8910001	8920000	199.686112	9999
X	8920001	8930000	179.705879	9999
X	8930001	8940000	163.281609	9972
X	8940001	8950000	168.495814	9735
X	8950001	8960000	131.069808	9830
X	8960001	8970000	159.536585	9998
X	8970001	8980000	81.381537	9773
X	8980001	8990000	146.108027	9815
X	8990001	9000000	220.501338	9999
X	9000001	9010000	178.713012	9956
X	9010001	9020000	170.365070	9999
X	9020001	9030000	195.663918	9450
X	9030001	9040000	144.819168	9999
X	9040001	9050000	148.355886	9999
X	9050001	9060000	113.270739	9999
X	9060001	9070000	158.527716	9999
X	9070001	9080000	145.502213	9999
X	9080001	9090000	109.180389	9949
X	9090001	9100000	159.819928	9998
X	9100001	9110000	181.659304	9998
X	9110001	9120000	155.969205	9998
X	9120001	9130000	185.801040	9998
X	9130001	9140000	160.145719	9999
X	9140001	9150000	121.358345	9999
X	9150001	9160000	104.927283	9893
X	9160001	9170000	112.751407	9999
X	9170001	9180000	130.545237	9740
X	9180001	9190000	106.980754	9975
X	9190001	9200000	115.830978	9998
X	9200001	9210000	159.125033	9997
X	9210001	9220000	125.522719	9999
X	9220001	9230000	125.244403	9979
X	9230001	9240000	122.851905	9999
X	9240001	9250000	98.244677	9999
X	9250001	9260000	113.520381	9999
X	9260001	9270000	111.109381	9999
X	9270001	9280000	124.584284	9999
X	9280001	9290000	186.632874	9254
X	9290001	9300000	159.843311	9999
X	9300001	9310000	119.530547	9999
X	9310001	9320000	191.404708	9999
X	9320001	9330000	224.143735	9999
X	9330001	9340000	215.927215	9889
X	9340001	9350000	136.610445	9998
X	9350001	9360000	118.995314	9999
X	9360001	9370000	219.274688	9999
X	9370001	9380000	133.782618	9865
X	9380001	9390000	138.832789	9160
X	9390001	9400000	72.577892	9595
X	9400001	9410000	128.898613	8695
X	9410001	9420000	146.553903	9998
X	9420001	9430000	126.012655	9920
X	9430001	9440000	123.155934	9994
X	9440001	9450000	189.755218	9974
X	9450001	9460000	139.227896	9998
X	9460001	9470000	126.186991	9684
X	9470001	9480000	101.149460	9628
X	9480001	9490000	182.963906	9999
X	9490001	9500000	114.663675	9999
X	9500001	9510000	112.320884	9893
X	9510001	9520000	118.847602	9466
X	9520001	9530000	131.298337	9999
X	9530001	9540000	143.229578	9999
X	9540001	9550000	111.350636	9997
X	9550001	9560000	117.475930	9914
X	9560001	9570000	131.638396	9995
X	9570001	9580000	115.114200	9999
X	9580001	9590000	118.055906	9999
X	9590001	9600000	103.451266	9879
X	9600001	9610000	105.823276	9971
X	9610001	9620000	97.538017	9999
X	9620001	9630000	121.345863	9950
X	9630001	9640000	80.534570	9999
X	9640001	9650000	142.712789	8408
X	9650001	9660000	141.196891	9951
X	9660001	9670000	164.963344	9978
X	9670001	9680000	64.496794	8057
X	9680001	9690000	165.649919	9560
X	9690001	9700000	92.754352	9173
X	9700001	9710000	130.764309	9998
X	9710001	9720000	130.479913	9938
X	9720001	9730000	95.364643	9763
X	9730001	9740000	108.909628	9999
X	9740001	9750000	116.788392	9977
X	9750001	9760000	121.346194	9998
X	9760001	9770000	132.759717	9078
X	9770001	9780000	123.115890	9999
X	9780001	9790000	108.087058	9999
X	9790001	9800000	96.423765	8215
X	9800001	9810000	149.305069	9985
X	9810001	9820000	141.049096	9999
X	9820001	9830000	54.450726	9951
X	9830001	9840000	141.934570	9999
X	9840001	9850000	131.854826	9999
X	9850001	9860000	95.918246	9999
X	9860001	9870000	144.708241	9981
X	9870001	9880000	124.255777	9979
X	9880001	9890000	99.449224	9486
X	9890001	9900000	140.483386	9998
X	9900001	9910000	181.469096	9999
X	9910001	9920000	153.809519	9985
X	9920001	9930000	111.273036	9917
X	9930001	9940000	101.238937	9948
X	9940001	9950000	163.385407	9998
X	9950001	9960000	106.595342	9714
X	9960001	9970000	97.764147	9820
X	9970001	9980000	110.440435	9999
X	9980001	9990000	128.102901	9999
X	9990001	10000000	134.402034	9582
X	10000001	10010000	157.851217	9999
X	10010001	10020000	125.812194	9999
X	10020001	10030000	129.811155	9980
X	10030001	10040000	103.195276	9790
X	10040001	10050000	113.943453	9954
X	10050001	10060000	169.059636	9999
X	10060001	10070000	102.198190	7639
X	10070001	10080000	153.469928	9957
X	10080001	10090000	139.902369	9999
X	10090001	10100000	115.445047	9880
X	10100001	10110000	144.768528	9900
X	10110001	10120000	168.985925	9999
X	10120001	10130000	140.080204	9999
X	10130001	10140000	97.543128	9998
X	10140001	10150000	142.335581	9998
X	10150001	10160000	108.580487	9999
X	10160001	10170000	144.718391	9945
X	10170001	10180000	119.130077	9999
X	10180001	10190000	138.689112	9999
X	10190001	10200000	200.881437	9999
X	10200001	10210000	164.770917	9999
X	10210001	10220000	179.922907	9545
X	10220001	10230000	180.151610	9809
X	10230001	10240000	171.568127	9733
X	10240001	10250000	141.694979	9998
X	10250001	10260000	216.647566	9998
X	10260001	10270000	171.843247	9999
X	10270001	10280000	216.390744	9979
X	10280001	10290000	192.799178	9998
X	10290001	10300000	181.708827	9991
X	10300001	10310000	221.705622	9929
X	10310001	10320000	187.393028	9972
X	10320001	10330000	155.442309	9979
X	10330001	10340000	158.696532	9965
X	10340001	10350000	162.171554	9671
X	10350001	10360000	206.753521	9999
X	10360001	10370000	234.607006	9999
X	10370001	10380000	195.640027	9698
X	10380001	10390000	174.036792	9383
X	10390001	10400000	157.850716	9999
X	10400001	10410000	153.347799	9972
X	10410001	10420000	132.919565	9979
X	10420001	10430000	194.551375	9994
X	10430001	10440000	218.380959	9999
X	10440001	10450000	182.905495	9999
X	10450001	10460000	136.585724	9938
X	10460001	10470000	154.419575	9636
X	10470001	10480000	126.407287	9979
X	10480001	10490000	130.089324	9999
X	10490001	10500000	98.270656	9999
X	10500001	10510000	123.069154	9999
X	10510001	10520000	108.503035	9740
X	10520001	10530000	168.445718	9999
X	10530001	10540000	140.197466	9789
X	10540001	10550000	172.911270	9998
X	10550001	10560000	115.923050	9857
X	10560001	10570000	141.416531	9999
X	10570001	10580000	145.942482	9998
X	10580001	10590000	159.810500	9999
X	10590001	10600000	115.367703	7167
X	10600001	10610000	135.193681	9999
X	10610001	10620000	173.553211	9999
X	10620001	10630000	178.245455	9998
X	10630001	10640000	86.966686	9984
X	10640001	10650000	165.653997	9985
X	10650001	10660000	154.467161	9999
X	10660001	10670000	174.743718	9999
X	10670001	10680000	187.304298	9999
X	10680001	10690000	187.208748	9854
X	10690001	10700000	139.644203	9735
X	10700001	10710000	134.478715	9999
X	10710001	10720000	150.445646	9999
X	10720001	10730000	152.520501	9979
X	10730001	10740000	212.422057	9979
X	10740001	10750000	198.542526	9999
X	10750001	10760000	161.404284	9999
X	10760001	10770000	149.686316	9998
X	10770001	10780000	156.131545	9981
X	10780001	10790000	141.256379	9998
X	10790001	10800000	147.291255	9999
X	10800001	10810000	146.847164	9999
X	10810001	10820000	189.385923	9978
X	10820001	10830000	202.276151	9999
X	10830001	10840000	191.908852	9996
X	10840001	10850000	234.129189	9989
X	10850001	10860000	199.001040	9994
X	10860001	10870000	185.372709	9979
X	10870001	10880000	215.752268	9895
X	10880001	10890000	218.529316	9659
X	10890001	10900000	159.308745	9999
X	10900001	10910000	152.633731	9999
X	10910001	10920000	175.223446	9965
X	10920001	10930000	162.430749	9999
X	10930001	10940000	216.944352	9999
X	10940001	10950000	257.505828	9999
X	10950001	10960000	187.409054	9996
X	10960001	10970000	166.878753	9999
X	10970001	10980000	184.333850	9999
X	10980001	10990000	125.732610	9999
X	10990001	11000000	179.223244	9930
X	11000001	11010000	225.624744	9972
X	11010001	11020000	183.993168	9751
X	11020001	11030000	230.261371	9792
X	11030001	11040000	198.203276	9999
X	11040001	11050000	107.195350	9718
X	11065248	11070000	81.019132	4590
X	11070001	11080000	117.757736	9999
X	11080001	11090000	146.185779	9999
X	11090001	11100000	189.565095	9999
X	11100001	11110000	160.439467	9893
X	11110001	11120000	174.870763	9999
X	11120001	11130000	198.034399	9630
X	11130001	11140000	168.072654	9999
X	11140001	11150000	154.412138	9969
X	11150001	11160000	93.579815	9990
X	11160001	11170000	179.239383	9443
X	11170001	11180000	190.010574	9999
X	11180001	11190000	170.578850	9997
X	11190001	11200000	96.941415	9999
X	11200001	11210000	94.317066	9999
X	11210001	11220000	95.769804	9999
X	11220001	11230000	88.299450	9999
X	11230001	11240000	118.708425	9999
X	11240001	11250000	104.804881	9999
X	11250001	11260000	87.697925	9925
X	11260001	11270000	105.599399	9999
X	11270001	11280000	99.790188	9658
X	11280001	11290000	81.205438	9287
X	11290001	11300000	94.488120	9279
X	11318834	11320000	6.985213	1166
X	11320001	11330000	73.054711	9998
X	11330001	11340000	99.294468	9999
X	11340001	11350000	57.907726	9999
X	11350001	11360000	46.530955	9998
X	11360001	11370000	61.133191	9999
X	11370001	11380000	77.024003	9999
X	11380001	11390000	103.607686	9999
X	11390001	11400000	95.408906	9999
X	11400001	11410000	123.902132	9999
X	11410001	11420000	109.634597	9999
X	11420001	11430000	97.460268	9999
X	11430001	11440000	106.059338	9999
X	11440001	11450000	118.050922	9974
X	11450001	11460000	161.027092	9999
X	11460001	11470000	164.079553	9999
X	11470001	11480000	138.587198	9968
X	11480001	11490000	149.044660	9999
X	11490001	11500000	100.544477	9999
X	11500001	11510000	95.845187	8355
X	11510001	11520000	142.374458	9491
X	11520001	11530000	128.871222	9996
X	11530001	11540000	117.284580	9948
X	11540001	11550000	83.765796	9966
X	11550001	11560000	119.245607	9999
X	11560001	11570000	90.083914	9993
X	11570001	11580000	100.391473	9999
X	11580001	11590000	96.152225	9999
X	11590001	11600000	129.411848	9914
X	11600001	11610000	174.756457	9979
X	11620158	11630000	65.991570	9840
X	11630001	11640000	111.403603	9999
X	11640001	11650000	86.892515	9988
X	11650001	11660000	126.193784	9999
X	11660001	11670000	76.569048	9999
X	11670001	11680000	103.943081	9978
X	11680001	11690000	87.605078	9584
X	11690001	11700000	84.171417	9999
X	11700001	11710000	87.010034	9998
X	11710001	11720000	59.103716	9997
X	11720001	11730000	101.219454	9999
X	11730001	11740000	93.038251	9999
X	11740001	11750000	155.871003	9979
X	11750001	11760000	94.520238	9577
X	11760001	11770000	121.156885	9999
X	11770001	11780000	116.621806	9999
X	11780001	11790000	85.335988	9999
X	11790001	11800000	89.723729	9999
X	11800001	11810000	73.843603	9999
X	11810001	11820000	113.765499	9999
X	11820001	11830000	109.033511	9328
X	11840406	11850000	129.648155	7974
X	11850001	11860000	138.829124	9986
X	11860001	11870000	118.058903	9999
X	11870001	11880000	196.939354	9999
X	11880001	11890000	133.845493	9997
X	11890001	11900000	107.898022	9766
X	11900001	11910000	158.146722	9999
X	11910001	11920000	128.486103	9999
X	11920001	11930000	132.552740	9979
X	11930001	11940000	135.675825	9999
X	11940001	11950000	134.148370	9999
X	11950001	11960000	132.708198	9967
X	11960001	11970000	112.879739	9999
X	11970001	11980000	174.212555	9978
X	11980001	11990000	130.559100	9465
X	11990001	12000000	140.058488	9999
X	12000001	12010000	199.000339	9998
X	12010001	12020000	117.092232	9979
X	12020001	12030000	164.407683	9999
X	12030001	12040000	137.469815	9989
X	12040001	12050000	121.601847	9993
X	12050001	12060000	115.431619	9698
X	12060001	12070000	173.559208	9999
X	12070001	12080000	122.985662	9903
X	12080001	12090000	165.592815	9958
X	12090001	12100000	159.703670	9400
X	12100001	12110000	131.271260	9969
X	12110001	12120000	99.750080	9999
X	12120001	12130000	110.864332	9999
X	12130001	12140000	148.154780	9999
X	12140001	12150000	121.955432	9998
X	12150001	12160000	125.019267	9999
X	12160001	12170000	98.733039	9999
X	12170001	12180000	224.052866	9970
X	12180001	12190000	128.165997	9999
X	12190001	12200000	136.348784	9989
X	12200001	12210000	181.705610	9995
X	12210001	12220000	160.307346	9985
X	12220001	12230000	158.029892	9751
X	12230001	12240000	150.611370	9998
X	12240001	12250000	146.861888	9999
X	12250001	12260000	67.227878	9999
X	12260001	12270000	112.802270	9979
X	12270001	12280000	141.478530	9997
X	12280001	12290000	185.570684	9999
X	12290001	12300000	170.335167	9999
X	12300001	12310000	200.468248	9979
X	12310001	12320000	136.554497	9824
X	12320001	12330000	206.193640	9999
X	12330001	12340000	176.924091	9971
X	12340001	12350000	156.403270	9999
X	12350001	12360000	143.982131	9999
X	12360001	12370000	170.257891	9999
X	12370001	12380000	226.931720	9839
X	12380001	12390000	173.375309	9869
X	12390001	12400000	189.591671	9999
X	12400001	12410000	184.293860	9999
X	12410001	12420000	158.470767	9999
X	12420001	12430000	167.604778	9999
X	12430001	12440000	155.663025	9767
X	12440001	12450000	140.169707	9998
X	12450001	12460000	152.078491	9999
X	12460001	12470000	172.543209	9998
X	12470001	12480000	154.153514	9999
X	12480001	12490000	126.870246	9999
X	12490001	12500000	153.476151	9999
X	12500001	12510000	205.130972	9999
X	12510001	12520000	136.638867	9922
X	12520001	12530000	97.643910	9999
X	12530001	12540000	92.076885	9999
X	12540001	12550000	130.039215	9999
X	12550001	12560000	145.858260	9998
X	12560001	12570000	106.277619	9999
X	12570001	12580000	120.523397	9995
X	12580001	12590000	205.252952	9999
X	12590001	12600000	100.767676	9999
X	12600001	12610000	58.054860	9910
X	12610001	12620000	111.663094	9999
X	12620001	12630000	118.569884	9999
X	12630001	12640000	156.412393	9999
X	12640001	12650000	117.345426	9964
X	12650001	12660000	171.908431	9996
X	12660001	12670000	130.992749	9991
X	12670001	12680000	89.054253	9992
X	12680001	12690000	101.743444	9979
X	12690001	12700000	112.513242	9999
X	12700001	12710000	66.600780	9993
X	12710001	12720000	21.654776	9080
X	12720001	12730000	144.912259	9998
X	12730001	12740000	184.705376	9979
X	12740001	12750000	111.619198	9679
X	12750001	12760000	137.550178	9979
X	12760001	12770000	144.877726	9999
X	12770001	12780000	116.433657	9999
X	12780001	12790000	75.855753	9994
X	12790001	12800000	83.575341	8420
X	12800001	12810000	51.331724	9986
X	12810001	12820000	84.321959	9999
X	12820001	12830000	109.541625	9999
X	12830001	12840000	15.133385	5626
X	12840001	12850000	89.767032	7250
X	12850001	12860000	114.862343	9996
X	12860001	12870000	149.254369	9999
X	12870001	12880000	273.984692	9876
X	12880001	12890000	149.995939	9998
X	12890001	12900000	189.970692	9999
X	12900001	12910000	142.832474	9999
X	12910001	12920000	141.247198	9989
X	12920001	12930000	134.435560	9999
X	12930001	12940000	132.422674	9995
X	12940001	12950000	172.137539	9999
X	12950001	12960000	137.362098	9999
X	12960001	12970000	156.940605	9565
X	12970001	12980000	153.630741	9999
X	12980001	12990000	166.271436	9999
X	12990001	13000000	155.976550	9999
X	13000001	13010000	154.529609	9999
X	13010001	13020000	130.510273	9894
X	13020001	13030000	157.060851	9985
X	13030001	13040000	178.983042	9999
X	13040001	13050000	120.845453	9999
X	13050001	13060000	113.552916	9999
X	13060001	13070000	138.026717	9999
X	13070001	13080000	134.835235	9564
X	13080001	13090000	174.699068	9995
X	13090001	13100000	122.837077	9998
X	13100001	13110000	126.472678	9999
X	13110001	13120000	97.048280	9999
X	13120001	13130000	117.941632	9999
X	13130001	13140000	124.873399	9998
X	13140001	13150000	142.018492	9994
X	13150001	13160000	86.491146	9999
X	13160001	13170000	119.933292	9979
X	13170001	13180000	150.839206	9999
X	13180001	13190000	152.536441	9999
X	13190001	13200000	144.229707	9999
X	13200001	13210000	125.344449	9999
X	13210001	13220000	137.037960	9999
X	13220001	13230000	91.003637	9999
X	13230001	13240000	52.609582	9915
X	13240001	13250000	111.350358	9998
X	13250001	13260000	168.410495	9992
X	13260001	13270000	196.665965	9998
X	13270001	13280000	183.640608	9994
X	13280001	13290000	134.792007	9999
X	13290001	13300000	163.284428	9999
X	13300001	13310000	155.825741	9999
X	13310001	13320000	139.677343	9999
X	13320001	13330000	182.366923	9999
X	13330001	13340000	126.218372	9999
X	13340001	13350000	136.042424	9999
X	13350001	13360000	154.294206	9638
X	13360001	13370000	142.059762	9975
X	13370001	13380000	104.290512	9999
X	13380001	13390000	118.591750	9999
X	13390001	13400000	120.179059	9979
X	13400001	13410000	115.390618	9999
X	13410001	13420000	108.704477	9992
X	13420001	13430000	109.815737	9979
X	13430001	13440000	95.088363	9999
X	13440001	13450000	80.834217	9979
X	13450001	13460000	52.829120	9824
X	13460001	13470000	133.946306	9999
X	13470001	13480000	112.171283	9866
X	13480001	13490000	78.263692	9999
X	13490001	13500000	97.673956	9999
X	13500001	13510000	78.979505	9999
X	13510001	13520000	97.250243	9999
X	13520001	13530000	73.588659	9978
X	13530001	13540000	128.046282	9999
X	13540001	13550000	139.182256	9999
X	13550001	13560000	144.051648	9999
X	13560001	13570000	132.745841	9999
X	13570001	13580000	156.222605	9979
X	13580001	13590000	132.302332	9999
X	13590001	13600000	151.023561	9815
X	13600001	13610000	152.352533	9998
X	13610001	13620000	114.553730	9999
X	13620001	13630000	163.807270	9999
X	13630001	13640000	150.541682	9998
X	13640001	13650000	139.908119	9999
X	13650001	13660000	100.865625	9999
X	13660001	13670000	96.765923	9999
X	13670001	13680000	136.433535	9892
X	13680001	13690000	155.253455	9999
X	13690001	13700000	90.515225	9999
X	13700001	13710000	126.684696	9998
X	13710001	13720000	85.022676	9999
X	13720001	13730000	91.485613	9999
X	13730001	13740000	79.850148	9562
X	13740001	13750000	87.309238	9999
X	13750001	13760000	72.345996	9999
X	13760001	13770000	95.963960	9996
X	13770001	13780000	172.575684	9979
X	13780001	13790000	133.150784	9999
X	13790001	13800000	113.993467	9999
X	13800001	13810000	83.588669	8943
X	13810001	13820000	99.776400	9999
X	13820001	13830000	95.231925	9999
X	13830001	13840000	99.999919	9998
X	13840001	13850000	103.448002	9999
X	13850001	13860000	116.447548	9998
X	13860001	13870000	116.175133	9999
X	13870001	13880000	107.705937	9999
X	13880001	13890000	84.003444	9999
X	13890001	13900000	100.724001	9971
X	13900001	13910000	158.532169	9999
X	13910001	13920000	107.849490	9960
X	13920001	13930000	128.671521	9999
X	13930001	13940000	119.172702	9809
X	13940001	13950000	73.388943	9667
X	13950001	13960000	94.387107	9979
X	13960001	13970000	67.121132	9999
X	13970001	13980000	58.010057	9999
X	13980001	13990000	90.564772	9868
X	13990001	14000000	112.627210	9999
X	14000001	14010000	158.186668	9965
X	14010001	14020000	138.629668	9633
X	14020001	14030000	104.501831	9979
X	14030001	14040000	113.619155	9999
X	14040001	14050000	157.645862	9999
X	14050001	14060000	168.507201	9999
X	14060001	14070000	123.554095	9829
X	14070001	14080000	167.080733	9850
X	14080001	14090000	135.024759	9999
X	14090001	14100000	125.569587	9930
X	14100001	14110000	139.236467	9999
X	14110001	14120000	172.837612	9999
X	14120001	14130000	144.108843	9979
X	14130001	14140000	132.708458	9997
X	14140001	14150000	144.784524	9999
X	14150001	14160000	145.766029	9999
X	14160001	14170000	132.581448	9999
X	14170001	14180000	138.901437	9999
X	14180001	14190000	92.118708	9999
X	14190001	14200000	129.585580	9999
X	14200001	14210000	117.323320	9999
X	14210001	14220000	128.486151	9999
X	14220001	14230000	95.657459	9999
X	14230001	14240000	141.086730	9999
X	14240001	14250000	102.637611	9999
X	14250001	14260000	97.544346	9808
X	14260001	14270000	142.312534	9999
X	14270001	14280000	106.320230	9995
X	14280001	14290000	93.917417	9952
X	14290001	14300000	123.101094	9999
X	14300001	14310000	57.524701	9979
X	14310001	14320000	35.557567	9894
X	14320001	14330000	119.710513	9998
X	14330001	14340000	103.014575	9999
X	14340001	14350000	98.936945	9999
X	14350001	14360000	108.350087	9882
X	14360001	14370000	91.972843	9999
X	14370001	14380000	83.629400	9999
X	14380001	14390000	108.212586	9835
X	14390001	14400000	92.487316	9999
X	14400001	14410000	122.084835	9999
X	14410001	14420000	68.212129	9569
X	14420001	14430000	107.062636	9999
X	14430001	14440000	105.079045	9999
X	14440001	14450000	90.853270	9675
X	14450001	14460000	113.334893	9999
X	14460001	14470000	90.159516	9861
X	14470001	14480000	86.746747	9999
X	14480001	14490000	124.727723	9921
X	14490001	14500000	72.482744	9872
X	14500001	14510000	90.644591	9999
X	14510001	14520000	64.035527	9998
X	14520001	14530000	101.826522	9985
X	14530001	14540000	90.734684	9999
X	14540001	14550000	121.737704	9999
X	14550001	14560000	19.471206	2383
X	14560001	14570000	97.696701	9232
X	14570001	14580000	89.161094	9998
X	14580001	14590000	144.338950	9979
X	14590001	14600000	113.871648	9898
X	14600001	14610000	119.324238	9999
X	14610001	14620000	138.186941	9998
X	14620001	14630000	158.164872	9999
X	14630001	14640000	167.591991	9999
X	14640001	14650000	117.176491	9991
X	14650001	14660000	144.634295	9999
X	14660001	14670000	149.281527	9999
X	14670001	14680000	117.598400	9764
X	14680001	14690000	137.590098	9999
X	14690001	14700000	109.401459	9999
X	14700001	14710000	155.131613	9999
X	14710001	14720000	122.058191	9997
X	14720001	14730000	134.144326	9999
X	14730001	14740000	98.799465	9999
X	14740001	14750000	101.209854	8648
X	14750001	14760000	97.165738	9785
X	14760001	14770000	92.791469	9998
X	14770001	14780000	122.943290	9856
X	14780001	14790000	152.916458	9574
X	14790001	14800000	124.464255	9995
X	14800001	14810000	127.055109	9999
X	14810001	14820000	96.531541	9999
X	14820001	14830000	89.649975	9756
X	14830001	14840000	80.076168	9979
X	14840001	14850000	106.487923	9999
X	14850001	14860000	121.566031	9992
X	14860001	14870000	115.349273	9999
X	14870001	14880000	128.116666	9999
X	14880001	14890000	109.158503	9528
X	14890001	14900000	85.567615	9968
X	14900001	14910000	82.104600	9999
X	14910001	14920000	78.652847	9992
X	14920001	14930000	96.405970	9997
X	14930001	14940000	92.071898	9999
X	14940001	14950000	58.586551	9993
X	14950001	14960000	91.046539	9999
X	14960001	14970000	61.732723	6655
X	14982222	14990000	19.408970	5975
X	15003588	15010000	26.029788	6404
X	15010001	15020000	43.654212	6276
X	15020001	15030000	57.994346	9976
X	15060312	15070000	34.068625	5169
X	15070001	15080000	44.437351	6535
X	15080001	15090000	40.573531	9962
X	15090001	15100000	46.470893	9975
X	15100001	15110000	49.885001	9957
X	15110001	15120000	87.573923	9551
X	15120001	15130000	58.902456	9974
X	15130001	15140000	61.760023	9998
X	15140001	15150000	110.230837	9999
X	15150001	15160000	84.950406	9999
X	15160001	15170000	113.024617	9998
X	15170001	15180000	69.549395	9586
X	15180001	15190000	59.996319	9996
X	15190001	15200000	46.713278	9999
X	15200001	15210000	49.719294	9987
X	15210001	15220000	41.315120	9999
X	15220001	15230000	82.280626	8396
X	15230001	15240000	111.252117	9431
X	15240001	15250000	34.201132	9998
X	15250001	15260000	34.730154	9999
X	15260001	15270000	61.138816	9999
X	15270001	15280000	73.815907	9999
X	15280001	15290000	51.832825	9999
X	15290001	15300000	68.616782	9986
X	15300001	15310000	60.952921	9978
X	15310001	15320000	71.634312	9924
X	15320001	15330000	78.377718	9999
X	15330001	15340000	58.689708	9986
X	15340001	15350000	64.044435	9701
X	15350001	15360000	41.983978	9999
X	15360001	15370000	61.344247	9950
X	15370001	15380000	64.886216	9962
X	15380001	15390000	67.385315	9989
X	15390001	15400000	87.972001	9982
X	15400001	15410000	60.771700	9968
X	15410001	15420000	55.154491	9999
X	15420001	15430000	69.099144	9924
X	15430001	15440000	40.433298	9999
X	15440001	15450000	47.550659	9354
X	15450001	15460000	59.963050	9531
X	15460067	15470000	50.961755	9848
X	15470001	15480000	35.872229	9861
X	15480001	15490000	58.923103	9996
X	15490001	15500000	32.765457	9999
X	15500001	15510000	64.430416	9979
X	15510001	15520000	61.459807	9999
X	15520001	15530000	81.888758	9999
X	15530001	15540000	84.397144	9999
X	15540001	15550000	78.069656	9998
X	15550001	15560000	68.235373	9999
X	15560001	15570000	74.777813	9999
X	15570001	15580000	67.041429	9978
X	15580001	15590000	39.707496	9801
X	15590001	15600000	87.274082	9999
X	15600001	15610000	69.117383	9998
X	15610001	15620000	50.967893	9999
X	15620001	15630000	75.161391	9999
X	15630001	15640000	74.292469	9998
X	15640001	15650000	64.385439	9967
X	15650001	15660000	36.676352	9982
X	15660001	15670000	59.390767	9625
X	15670001	15680000	59.309600	9999
X	15680001	15690000	80.087406	9999
X	15690001	15700000	90.511369	9993
X	15700001	15710000	90.917326	9999
X	15710001	15720000	56.979111	9497
X	15720001	15730000	95.327059	9993
X	15730001	15740000	109.958097	9999
X	15740001	15750000	63.276194	9999
X	15750001	15760000	75.756086	9999
X	15760001	15770000	84.246071	9998
X	15770001	15780000	81.161288	9999
X	15780001	15790000	85.887922	9999
X	15790001	15800000	86.053343	9999
X	15800001	15810000	102.187442	9999
X	15810001	15820000	56.802599	9999
X	15820001	15830000	45.019698	9999
X	15830001	15840000	34.600663	9936
X	15840001	15850000	52.389501	9999
X	15850001	15860000	107.959652	9986
X	15860001	15870000	80.289312	9987
X	15870001	15880000	77.950002	9999
X	15880001	15890000	144.469319	9979
X	15890001	15900000	93.509091	9999
X	15900001	15910000	84.553784	9999
X	15910001	15920000	98.724870	9997
X	15920001	15930000	88.799471	9999
X	15930001	15940000	50.122314	9999
X	15940001	15950000	112.321681	9992
X	15950001	15960000	129.648034	9999
X	15960001	15970000	119.309983	9995
X	15970001	15980000	107.775934	9999
X	15980001	15990000	110.367885	9787
X	15990001	16000000	113.419638	9999
X	16000001	16010000	83.639361	9999
X	16010001	16020000	91.362992	9999
X	16020001	16030000	107.172653	9998
X	16030001	16040000	85.677052	9571
X	16040001	16050000	81.132413	9989
X	16050001	16060000	96.316654	9999
X	16060001	16070000	96.348780	9996
X	16070001	16080000	79.892357	9999
X	16080001	16090000	76.715250	9078
X	16090001	16100000	112.887947	9769
X	16100001	16110000	91.243033	9999
X	16110001	16120000	74.390436	9999
X	16120001	16130000	77.016198	9999
X	16130001	16140000	70.460369	9999
X	16140001	16150000	97.310445	9999
X	16150001	16160000	72.535430	9999
X	16160001	16170000	88.154308	9998
X	16170001	16180000	95.439066	9698
X	16180001	16190000	108.776983	9999
X	16190001	16200000	126.892925	9999
X	16200001	16210000	118.821967	9999
X	16210001	16220000	88.951065	9999
X	16220001	16230000	100.019855	9996
X	16230001	16240000	97.481373	9977
X	16240001	16250000	95.883263	9999
X	16250001	16260000	74.577806	9999
X	16260001	16270000	99.793471	9683
X	16270001	16280000	92.314347	9999
X	16280001	16290000	76.099462	9999
X	16290001	16300000	75.002419	9999
X	16300001	16310000	59.782858	9999
X	16310001	16320000	100.470367	9999
X	16320001	16330000	88.484947	9999
X	16330001	16340000	110.297559	9999
X	16340001	16350000	96.587604	9999
X	16350001	16360000	52.086082	9999
X	16360001	16370000	71.984771	9833
X	16370001	16380000	69.264623	9906
X	16380001	16390000	87.794840	9999
X	16390001	16400000	67.152840	9999
X	16400001	16410000	53.876305	9954
X	16410001	16420000	81.277521	9999
X	16420001	16430000	46.540087	9999
X	16430001	16440000	64.823109	9998
X	16440001	16450000	72.570121	9999
X	16450001	16460000	79.596018	9999
X	16460001	16470000	113.493679	9999
X	16470001	16480000	99.378356	9999
X	16480001	16490000	72.318055	9999
X	16490001	16500000	101.993966	9999
X	16500001	16510000	104.992543	9998
X	16510001	16520000	81.556020	9998
X	16520001	16530000	100.581882	9999
X	16530001	16540000	102.534433	9999
X	16540001	16550000	115.186488	9963
X	16550001	16560000	92.606654	9999
X	16560001	16570000	87.846700	9998
X	16570001	16580000	81.930246	9999
X	16580001	16590000	54.326056	9999
X	16590001	16600000	70.092014	9998
X	16600001	16610000	55.756929	9999
X	16610001	16620000	36.057800	9996
X	16620001	16630000	51.922582	9999
X	16630001	16640000	84.321148	9999
X	16640001	16650000	62.301707	9999
X	16650001	16660000	81.824685	9999
X	16660001	16670000	72.752416	9999
X	16670001	16680000	55.695912	9999
X	16680001	16690000	93.521010	9981
X	16703723	16710000	42.644390	6277
X	16710001	16720000	67.414452	9999
X	16720001	16730000	54.703308	9999
X	16730001	16740000	88.975783	9999
X	16740001	16750000	68.681847	9979
X	16750001	16760000	84.812863	9999
X	16760001	16770000	96.301434	9999
X	16770001	16780000	83.966548	9841
X	16780001	16790000	51.614596	9999
X	16790001	16800000	69.554514	9971
X	16800001	16810000	36.923776	9999
X	16810001	16820000	44.154302	9999
X	16820001	16830000	39.105408	9999
X	16830001	16840000	62.433249	9968
X	16840001	16850000	101.831794	9999
X	16850001	16860000	81.422851	9995
X	16860001	16870000	64.092935	9999
X	16870001	16880000	90.033081	9979
X	16880001	16890000	106.345052	9999
X	16890001	16900000	82.564450	9999
X	16900001	16910000	80.696461	9999
X	16910001	16920000	68.943248	9712
X	16920001	16930000	75.182965	9959
X	16930001	16940000	98.220486	9905
X	16940001	16950000	93.444588	8975
X	16950001	16960000	76.985218	9969
X	16960001	16970000	62.976444	9999
X	16970001	16980000	83.564442	9999
X	16980001	16990000	126.358621	9878
X	16990001	17000000	72.654288	9999
X	17000001	17010000	96.376578	9999
X	17010001	17020000	87.967465	9815
X	17020001	17030000	87.445943	9999
X	17030001	17040000	71.218348	9868
X	17040001	17050000	72.563218	9999
X	17050001	17060000	47.577017	9422
X	17060001	17070000	70.283744	9999
X	17070001	17080000	76.785511	9999
X	17080001	17090000	53.156225	9999
X	17090001	17100000	49.873827	9999
X	17100001	17110000	48.481997	9999
X	17110001	17120000	113.611625	9994
X	17120001	17130000	76.313763	9999
X	17130001	17140000	82.591336	9984
X	17140001	17150000	45.812516	9999
X	17150001	17160000	22.372068	9628
X	17160001	17170000	26.134317	9999
X	17170001	17180000	56.167538	9980
X	17180001	17190000	66.828669	9979
X	17190001	17200000	45.080092	9999
X	17210955	17220000	50.384976	9037
X	17220001	17230000	33.475084	9906
X	17230001	17240000	43.431195	9998
X	17240001	17250000	73.879159	9736
X	17250001	17260000	73.212432	9999
X	17260001	17270000	63.547601	9999
X	17284546	17290000	114.532597	5454
X	17290001	17300000	81.710993	9952
X	17300001	17310000	164.410601	9970
X	17310001	17320000	115.090753	8919
X	17320001	17330000	58.107593	9737
X	17330001	17340000	154.311305	9997
X	17340001	17350000	178.376891	9998
X	17350001	17360000	82.690316	9999
X	17360001	17370000	49.112783	6936
X	17370001	17380000	45.541553	9973
X	17380001	17390000	64.639942	9999
X	17390001	17400000	66.232158	9998
X	17400001	17410000	54.090814	9936
X	17410001	17420000	31.313422	9999
X	17420001	17430000	70.114278	9999
X	17430001	17440000	124.729593	9234
X	17440001	17450000	39.484326	9749
X	17450001	17460000	47.061471	9999
X	17460001	17470000	43.054579	9999
X	17470001	17480000	74.546372	9999
X	17480001	17490000	57.127227	9999
X	17490001	17500000	72.219020	9999
X	17500001	17510000	88.352026	9967
X	17510001	17520000	53.109237	9999
X	17520001	17530000	34.628608	9999
X	17530001	17540000	72.432400	9999
X	17540001	17550000	95.300398	8821
X	17550001	17560000	65.964667	9832
X	17560001	17570000	62.855515	9999
X	17570001	17580000	66.143386	9979
X	17580001	17590000	65.203576	9979
X	17590001	17600000	76.540671	9999
X	17600001	17610000	40.529177	9953
X	17610001	17620000	43.313671	9999
X	17620001	17630000	61.667714	9999
X	17630001	17640000	64.792905	9999
X	17640001	17650000	47.525980	9990
X	17650001	17660000	59.822923	9999
X	17660001	17670000	52.694933	9999
X	17670001	17680000	29.197829	9999
X	17680001	17690000	36.470726	9900
X	17690001	17700000	47.708090	9946
X	17700001	17710000	83.419221	9909
X	17710001	17720000	30.381783	9999
X	17720001	17730000	70.320405	9820
X	17730001	17740000	54.010680	9999
X	17740001	17750000	59.075815	9999
X	17750001	17760000	49.867444	9629
X	17760001	17770000	70.302508	9898
X	17770001	17780000	65.274630	9972
X	17780001	17790000	37.409580	9999
X	17790001	17800000	65.396898	9851
X	17800001	17810000	34.247824	9944
X	17810001	17820000	33.799036	9999
X	17820001	17830000	38.190239	9990
X	17830001	17840000	55.279268	9998
X	17840001	17850000	40.524503	9989
X	17850001	17860000	60.555823	9888
X	17860001	17870000	56.714866	9999
X	17870001	17880000	53.262990	9999
X	17880001	17890000	63.764287	9405
X	17890001	17900000	49.082209	9861
X	17900001	17910000	47.388125	9974
X	17910001	17920000	80.210047	9996
X	17920001	17930000	43.533100	9861
X	17930001	17940000	59.540974	9921
X	17940001	17950000	41.054299	9992
X	17950001	17960000	56.541125	9999
X	17960001	17970000	64.155496	9999
X	17970001	17980000	46.932119	9772
X	17980001	17990000	42.401448	9875
X	17990001	18000000	62.106634	9986
X	18000001	18010000	39.090047	9999
X	18010001	18020000	52.815231	9628
X	18020001	18030000	45.316956	9784
X	18030001	18040000	62.225989	9915
X	18040001	18050000	66.590316	9982
X	18050001	18060000	98.575016	9968
X	18060001	18070000	47.851274	9862
X	18070001	18080000	47.462807	9513
X	18080001	18090000	55.600978	9999
X	18090001	18100000	38.691428	9999
X	18100001	18110000	29.173784	9999
X	18110001	18120000	30.957661	9139
X	18120001	18130000	50.732456	9578
X	18130001	18140000	39.122678	9664
X	18140001	18150000	45.584178	9998
X	18150001	18160000	51.867133	9999
X	18160001	18170000	55.218202	9999
X	18180062	18190000	53.632059	9938
X	18190001	18200000	59.484658	9999
X	18200001	18210000	53.406948	9999
X	18210001	18220000	51.819774	9979
X	18220001	18230000	82.561710	9992
X	18230001	18240000	49.048362	9997
X	18240001	18250000	38.908974	9999
X	18250001	18260000	49.851401	9999
X	18271556	18280000	56.728720	8444
X	18280001	18290000	88.249287	9566
X	18290001	18300000	50.253370	9954
X	18300001	18310000	57.947960	9907
X	18310001	18320000	29.689931	8012
X	18320001	18330000	44.848624	9949
X	18330001	18340000	52.900464	9974
X	18340001	18350000	38.018955	9679
X	18350001	18360000	43.516480	9999
X	18360001	18370000	43.823383	9999
X	18370001	18380000	57.510967	9989
X	18380001	18390000	74.336567	9999
X	18390001	18400000	65.343502	9947
X	18400001	18410000	41.598214	9850
X	18410001	18420000	28.528168	9994
X	18420001	18430000	22.739051	9999
X	18430001	18440000	39.005429	9197
X	18440001	18450000	41.112698	9928
X	18450001	18460000	26.228981	9999
X	18460001	18470000	38.781353	9999
X	18470001	18480000	41.250197	9979
X	18480001	18490000	44.471672	9999
X	18490001	18500000	56.573652	9999
X	18500001	18510000	53.906061	9979
X	18510001	18520000	71.338270	9999
X	18520001	18530000	78.647943	9975
X	18530001	18540000	53.434633	9999
X	18540001	18550000	36.473935	9999
X	18550001	18560000	45.441020	9975
X	18560001	18570000	73.776186	9999
X	18570001	18580000	51.820284	9305
X	18580001	18590000	53.339057	9999
X	18590001	18600000	33.982372	9999
X	18600001	18610000	46.902771	9999
X	18610001	18620000	49.173971	9999
X	18620001	18630000	57.228166	9999
X	18630001	18640000	41.330975	9999
X	18640001	18650000	44.396891	9971
X	18650001	18660000	62.245399	9999
X	18660001	18670000	41.637043	9999
X	18670001	18680000	45.368597	9999
X	18680001	18690000	67.445947	9984
X	18690001	18700000	34.960635	6262
X	18700001	18710000	49.993163	9102
X	18710001	18720000	39.537784	9822
X	18720001	18730000	75.975831	9993
X	18730001	18740000	30.098126	9993
X	18740001	18750000	26.803913	9839
X	18750001	18760000	26.745543	9999
X	18760001	18770000	22.728872	9979
X	18770001	18780000	33.150205	9998
X	18780001	18790000	37.476665	9976
X	18790001	18800000	37.486474	9412
X	18800001	18810000	44.085791	9996
X	18810001	18820000	24.390582	9997
X	18820001	18830000	39.082837	9988
X	18830001	18840000	33.819059	9982
X	18840001	18850000	34.850316	9985
X	18850001	18860000	33.777507	9999
X	18860001	18870000	43.127464	9999
X	18870001	18880000	46.144860	9999
X	18880001	18890000	31.309623	9979
X	18900084	18910000	24.176899	9916
X	18910001	18920000	27.083992	9999
X	18920001	18930000	46.562281	9997
X	18930001	18940000	36.498898	9999
X	18940001	18950000	28.796898	9969
X	18950001	18960000	61.823494	9999
X	18960001	18970000	20.170456	9933
X	18970001	18980000	72.173265	9775
X	18980001	18990000	41.587789	9944
X	18990001	19000000	32.762481	9921
X	19000001	19010000	37.952635	9964
X	19010001	19020000	53.593803	9976
X	19020001	19030000	48.806937	9618
X	19030001	19040000	45.014157	9999
X	19040001	19050000	41.354886	9998
X	19050001	19060000	48.928703	9997
X	19060001	19070000	49.304798	9999
X	19070001	19080000	52.888616	9999
X	19080001	19090000	44.156287	9999
X	19090001	19100000	34.167639	9982
X	19100001	19110000	87.833751	9999
X	19110001	19120000	38.886832	9999
X	19120001	19130000	36.238863	9999
X	19130001	19140000	31.966333	9995
X	19140001	19150000	29.085992	9977
X	19150001	19160000	25.968403	9999
X	19160001	19170000	32.622924	9998
X	19170001	19180000	35.447741	9999
X	19180001	19190000	36.505801	9999
X	19190001	19200000	66.104699	9999
X	19200001	19210000	37.751739	9999
X	19210001	19220000	48.732500	9997
X	19220001	19230000	46.031699	9999
X	19230001	19240000	70.478343	9999
X	19240001	19250000	57.738973	9999
X	19250001	19260000	30.476260	9999
X	19260001	19270000	32.973817	9999
X	19270001	19280000	45.423820	9912
X	19280001	19290000	43.184826	9999
X	19290001	19300000	59.223437	9999
X	19300001	19310000	57.674916	9876
X	19310001	19320000	39.146462	9999
X	19320001	19330000	68.820988	9954
X	19330001	19340000	40.025938	9945
X	19340001	19350000	54.977710	9982
X	19350001	19360000	34.946704	9979
X	19360001	19370000	36.497028	9999
X	19370001	19380000	35.930924	9999
X	19380001	19390000	64.540535	9999
X	19390001	19400000	43.108172	9999
X	19400001	19410000	43.455762	9999
X	19410001	19420000	53.019728	9999
X	19420001	19430000	34.628665	9999
X	19430001	19440000	46.156989	9999
X	19440001	19450000	51.635892	9998
X	19450001	19460000	36.366090	9999
X	19460001	19470000	64.550908	9999
X	19470001	19480000	55.865499	9978
X	19480001	19490000	34.450523	9937
X	19490001	19500000	31.488941	9821
X	19500001	19510000	34.855944	9999
X	19510001	19520000	59.858000	9999
X	19520001	19530000	32.631537	9999
X	19530001	19540000	43.738662	9999
X	19540001	19550000	35.342216	9999
X	19550001	19560000	46.747889	9490
X	19560001	19570000	40.499646	9979
X	19570001	19580000	26.840441	9999
X	19580001	19590000	43.366667	9969
X	19590001	19600000	34.723781	8597
X	19600001	19610000	32.189099	9735
X	19620085	19630000	36.383373	9871
X	19630001	19640000	24.970540	9999
X	19640001	19650000	21.067688	9999
X	19650001	19660000	19.500896	9999
X	19660001	19670000	36.092159	9999
X	19670001	19680000	35.985248	9950
X	19680001	19690000	34.118682	9979
X	19690001	19700000	22.098970	9997
X	19700001	19710000	23.387671	9810
X	19710001	19720000	31.839724	9999
X	19720001	19730000	12.680741	9999
X	19730001	19740000	27.178011	9809
X	19740001	19750000	61.453390	8793
X	19750001	19760000	64.726812	9285
X	19760001	19770000	39.646816	9898
X	19770001	19780000	37.224511	9999
X	19780001	19790000	47.101583	8799
X	19790001	19800000	44.676530	9826
X	19800001	19810000	31.867028	9852
X	19810001	19820000	27.006863	9973
X	19820001	19830000	35.684993	9762
X	19830001	19840000	15.440471	9833
X	19840001	19850000	18.072224	9999
X	19850001	19860000	26.634565	9999
X	19860001	19870000	22.324807	9986
X	19870001	19880000	31.725700	9921
X	19880001	19890000	22.430401	9822
X	19890001	19900000	30.575867	9999
X	19900001	19910000	60.952517	9977
X	19910001	19920000	38.285691	9837
X	19920001	19930000	17.162496	9999
X	19930001	19940000	37.747780	9900
X	19940001	19950000	23.700334	7123
X	19960919	19970000	7.782101	7384
X	19970001	19980000	10.068595	9999
X	19980001	19990000	19.393432	9994
X	19990001	20000000	30.859562	9752
X	20000001	20010000	29.826318	9871
X	20010001	20020000	12.756981	9722
X	20020001	20030000	56.891768	9151
X	20030001	20040000	74.547725	7915
X	20060121	20070000	34.671450	9767
X	20070001	20080000	122.610905	9937
X	20080001	20090000	41.573325	9988
X	20090001	20100000	66.425816	9903
X	20100001	20110000	39.613097	9126
X	20110001	20120000	59.057218	8150
X	20120001	20130000	31.561410	9689
X	20130001	20140000	17.471029	9966
X	20140001	20150000	16.620819	9998
X	20150001	20160000	17.274268	8712
X	20160001	20170000	41.294820	6946
X	20170001	20180000	45.247524	9394
X	20180001	20190000	72.769369	9993
X	20190001	20200000	31.091754	9996
X	20200001	20210000	27.998395	9548
X	20210001	20220000	49.551430	9891
X	20220001	20230000	37.302183	9915
X	20230001	20240000	24.878588	4210
X	20240001	20250000	41.192478	4837
X	20250001	20260000	70.320850	8856
X	20260001	20270000	99.788616	9201
X	20270001	20280000	43.399154	9916
X	20280001	20290000	65.697150	9336
X	20290001	20300000	84.220482	9392
X	20310340	20320000	82.753240	9605
X	20320001	20330000	84.875771	9581
X	20356977	20360000	10.713206	3023
X	20360001	20370000	26.749844	9987
X	20370001	20380000	2.543326	9999
X	20380001	20390000	38.736333	9999
X	20390001	20400000	57.879371	8351
X	20400001	20410000	37.635816	9999
X	20410001	20420000	31.588220	9603
X	20420001	20430000	40.664035	9701
X	20430001	20440000	25.996925	9999
X	20440001	20450000	42.363628	9989
X	20450001	20460000	101.675158	8677
X	20460001	20470000	76.155612	9548
X	20470001	20480000	64.086318	9817
X	20480001	20490000	41.951887	9944
X	20490001	20500000	25.281630	9924
X	20500001	20510000	27.025855	5142
X	20510001	20520000	23.977339	5750
X	20520001	20530000	21.738667	5558
X	20530001	20540000	61.915301	8895
X	20540001	20550000	70.559933	8247
X	20560136	20570000	60.239993	9735
X	20570001	20580000	52.670544	8434
X	20580001	20590000	22.404164	5458
X	20590001	20600000	41.624316	9999
X	20600001	20610000	69.665407	9972
X	20610001	20620000	10.742598	3759
X	20632438	20640000	31.777261	7194
X	20640001	20650000	27.798067	9891
X	20660386	20670000	32.826300	5252
X	20670001	20680000	86.660639	9705
X	20691933	20700000	34.456637	5361
X	20700001	20710000	46.451218	8252
X	20710001	20720000	39.916804	9446
X	20730193	20740000	51.977198	6226
X	20740001	20750000	66.987763	9739
X	20750001	20760000	86.236023	8926
X	20760001	20770000	29.972728	9619
X	20770001	20780000	56.275188	8624
X	20780001	20790000	50.265059	9998
X	20790001	20800000	93.759763	9945
X	20800001	20810000	61.439702	9499
X	20810001	20820000	55.363200	9887
X	20820001	20830000	53.494087	9135
X	20830001	20840000	41.362719	9203
X	20840001	20850000	57.980176	9451
X	20850001	20860000	54.443032	9827
X	20860001	20870000	73.329475	8685
X	20870001	20880000	115.906245	9628
X	20880001	20890000	82.937520	9493
X	20890001	20900000	59.971070	8850
X	20900001	20910000	72.203255	9988
X	20910001	20920000	77.647615	9984
X	20920001	20930000	42.235511	6869
X	20930001	20940000	3.121154	1795
X	20940001	20950000	42.479113	5796
X	20967272	20970000	5.980306	2705
X	20970001	20980000	53.443018	9149
X	20980001	20990000	83.448727	9939
X	21001208	21010000	30.645008	7956
X	21010001	21020000	40.786326	8382
X	21020001	21030000	39.261185	9990
X	21030001	21040000	49.980205	9960
X	21040001	21050000	23.125597	7824
X	21060170	21070000	44.882657	9785
X	21070001	21080000	74.442065	9996
X	21080001	21090000	58.633098	9732
X	21110084	21120000	42.525066	9896
X	21134658	21140000	23.132830	3711
X	21140001	21150000	19.455271	8307
X	21150001	21160000	48.092911	9867
X	21180502	21190000	30.557642	6655
X	21190001	21200000	18.430397	6702
X	21200001	21210000	73.777595	9883
X	21210001	21220000	57.875556	9402
X	21220001	21230000	119.796122	9396
X	21230001	21240000	110.375482	8652
X	21240001	21250000	78.714104	9632
X	21250001	21260000	82.238792	9818
X	21260001	21270000	40.599300	8936
X	21270001	21280000	93.536834	9720
X	21280001	21290000	118.399706	9425
X	21309129	21310000	8.446361	871
X	21310001	21320000	55.386393	9073
X	21320001	21330000	51.658270	9964
X	21330001	21340000	53.776449	9999
X	21340001	21350000	14.175369	9999
X	21350001	21360000	14.969321	9107
X	21360001	21370000	26.892029	9938
X	21370001	21380000	43.399953	6297
X	21400539	21410000	44.694898	9273
X	21410001	21420000	129.013848	9999
X	21420001	21430000	82.789424	9287
X	21430001	21440000	43.685654	9986
X	21440001	21450000	50.251765	9916
X	21470589	21480000	75.634190	7271
X	21480001	21490000	52.142217	8228
X	21490001	21500000	69.468242	9549
X	21500001	21510000	116.605925	9801
X	21510001	21520000	53.384974	9974
X	21520001	21530000	65.305007	9994
X	21530001	21540000	37.518521	9999
X	21567242	21570000	19.858948	2752
X	21570001	21580000	34.280218	9999
X	21580001	21590000	59.998817	9800
X	21601700	21610000	43.691062	6972
X	21610001	21620000	31.596298	7413
X	21620001	21630000	71.871536	9907
X	21630001	21640000	68.353280	9488
X	21657162	21660000	4.631209	1227
X	21660001	21670000	70.421827	9974
X	21670001	21680000	56.382993	9971
X	21680001	21690000	65.141858	8542
X	21690001	21700000	88.562390	8136
X	21700001	21710000	61.913433	8678
X	21710001	21720000	38.080410	9999
X	21720001	21730000	72.892365	8647
X	21730001	21740000	90.047745	9999
X	21740001	21750000	50.944094	6976
X	21761967	21770000	14.271658	5236
X	21770001	21780000	27.552340	8619
X	21780001	21790000	118.761399	9996
X	21790002	21800000	47.619500	9640
X	21800001	21810000	63.978877	8423
X	21810001	21820000	76.123350	9999
X	21820001	21830000	65.021442	9867
X	21830001	21840000	39.321452	9999
X	21840001	21850000	67.436545	9575
X	21850001	21860000	32.866783	5998
X	21881007	21890000	51.042307	5497
X	21890001	21900000	77.623710	9971
X	21900001	21910000	82.127080	9998
X	21910001	21920000	92.221598	9029
X	21930775	21940000	67.053581	9097
X	21940001	21950000	35.820247	9983
X	21950001	21960000	86.368551	9998
X	21986872	21990000	15.027753	3128
X	21990001	22000000	30.093682	7919
X	22000001	22010000	49.636825	8064
X	22010001	22020000	69.992544	9822
X	22020001	22030000	62.969970	8282
X	22030001	22040000	85.451131	9546
X	22040001	22050000	27.586443	5457
X	22050001	22060000	81.864292	9712
X	22060001	22070000	56.093230	7845
X	22081385	22090000	48.315880	8615
X	22090001	22100000	73.754075	9883
X	22100001	22110000	54.012663	9918
X	22110001	22120000	42.196632	9979
X	22120001	22130000	62.169695	9787
X	22130001	22140000	64.829100	9994
X	22140001	22150000	72.269665	9996
X	22150001	22160000	59.985268	9999
X	22160001	22170000	64.177638	9997
X	22170001	22180000	59.701097	9184
X	22180001	22190000	46.327747	9999
X	22190001	22200000	69.800207	9872
X	22200001	22210000	47.603680	9977
X	22210001	22220000	78.068153	9285
X	22220001	22230000	49.609050	9622
X	22230001	22240000	35.335050	9646
X	22240001	22250000	48.481195	9999
X	22250001	22260000	45.434594	9989
X	22260001	22270000	75.544556	9181
X	22270001	22280000	33.349660	8934
X	22280001	22290000	74.411537	9999
X	22301173	22310000	40.004586	7382
X	22310001	22320000	56.784917	9358
X	22320001	22330000	47.398265	9897
X	22330001	22340000	70.526676	9998
X	22340001	22350000	15.597081	1868
X	22350001	22360000	54.802401	9520
X	22360001	22370000	72.963137	9963
X	22370001	22380000	49.448860	7625
X	22380001	22390000	46.840934	9979
X	22390001	22400000	66.207844	9996
X	22400001	22410000	78.323334	9694
X	22410001	22420000	34.282497	9347
X	22420001	22430000	39.747178	9946
X	22430001	22440000	41.762973	9883
X	22440001	22450000	40.585300	9534
X	22450001	22460000	25.273523	9982
X	22460001	22470000	55.534290	9969
X	22470001	22480000	40.296987	7305
X	22480001	22490000	38.402607	9819
X	22490001	22500000	79.213875	9921
X	22500001	22510000	64.210183	9938
X	22510001	22520000	47.006579	9141
X	22520001	22530000	67.024269	9998
X	22530001	22540000	68.626142	8759
X	22540001	22550000	24.274001	9144
X	22550001	22560000	44.741630	4489
X	22570559	22580000	28.330337	4005
X	22590511	22600000	79.160171	9487
X	22600001	22610000	61.651786	9413
X	22610001	22620000	40.972235	9100
X	22620001	22630000	66.244504	9995
X	22630001	22640000	7.362038	9958
X	22674296	22680000	52.759613	5193
X	22680001	22690000	31.174090	9234
X	22700057	22710000	42.258378	7715
X	22710001	22720000	35.210729	6587
X	22731665	22740000	9.594096	8314
X	22740001	22750000	53.975388	9979
X	22750001	22760000	51.785412	9889
X	22760001	22770000	51.492812	9782
X	22770001	22780000	41.804322	9831
X	22790038	22800000	47.807971	9865
X	22800001	22810000	54.141377	9998
X	22810001	22820000	45.446805	9999
X	22820001	22830000	47.119515	9840
X	22830001	22840000	26.604926	9841
X	22840001	22850000	87.921318	9920
X	22850001	22860000	57.134426	9878
X	22860001	22870000	61.658644	9688
X	22870001	22880000	39.523956	9994
X	22932216	22940000	15.311495	6460
X	22940001	22950000	16.305939	9953
X	22950001	22960000	23.377304	8434
X	22974426	22980000	46.943965	5552
X	22980001	22990000	105.900085	9745
X	22990001	23000000	95.436880	9998
X	23000001	23010000	125.549485	9608
X	23010001	23020000	52.202429	9771
X	23020001	23030000	38.714973	9331
X	23040828	23050000	71.786884	9009
X	23050001	23060000	64.000490	9689
X	23060001	23070000	56.566027	9626
X	23070001	23080000	59.665046	9809
X	23080001	23090000	60.146612	9998
X	23090001	23100000	70.398779	9970
X	23100001	23110000	45.215663	6353
X	23125176	23130000	19.528930	4338
X	23130001	23140000	38.931502	5358
X	23140001	23150000	36.995457	3813
X	23180459	23190000	92.009819	9242
X	23190001	23200000	65.062346	5923
X	23210031	23220000	56.428022	8840
X	23220001	23230000	100.032234	9940
X	23230001	23240000	43.689161	8657
X	23252510	23260000	64.178583	7451
X	23260001	23270000	51.932134	9974
X	23270001	23280000	54.297027	9999
X	23280001	23290000	42.354856	9953
X	23290001	23300000	51.546722	9596
X	23300001	23310000	87.367495	9904
X	23310001	23320000	53.050223	9956
X	23320001	23330000	32.027532	9961
X	23330001	23340000	89.547232	9773
X	23340001	23350000	49.474076	9898
X	23350001	23360000	136.535815	9853
X	23360001	23370000	115.005233	9848
X	23370001	23380000	119.331959	9795
X	23380001	23390000	219.567657	9996
X	23390001	23400000	88.764965	9862
X	23400001	23410000	73.858007	9991
X	23410001	23420000	115.463732	9934
X	23420001	23430000	61.062101	9999
X	23443548	23450000	26.385347	4395
X	23450001	23460000	28.850584	5587
X	23460001	23470000	61.066357	9999
X	23470001	23480000	36.837165	9733
X	23480001	23490000	44.637656	9659
X	23490001	23500000	43.165502	9761
X	23500001	23510000	39.571613	9629
X	23510001	23520000	38.066186	9400
X	23520001	23530000	98.679493	9856
X	23530001	23540000	53.742313	9987
X	23540001	23550000	65.576640	9508
X	23550001	23560000	50.803599	9591
X	23560001	23570000	53.217351	9999
X	23570001	23580000	63.860716	9990
X	23580001	23590000	40.904543	8483
X	23590001	23600000	60.167635	9883
X	23600001	23610000	52.644493	8212
X	23610001	23620000	57.592384	6846
X	23620001	23630000	85.417413	9560
X	23630001	23640000	61.903100	9922
X	23658996	23660000	10.372298	1004
X	23660001	23670000	92.489268	7660
X	23690027	23700000	41.703108	9894
X	23700001	23710000	51.369342	9767
X	23710001	23720000	42.157308	9983
X	23720001	23730000	29.297295	9999
X	23730001	23740000	42.070079	9979
X	23740001	23750000	26.999004	9922
X	23750001	23760000	77.887383	9863
X	23760001	23770000	53.116162	9945
X	23770001	23780000	44.917615	8914
X	23780001	23790000	19.656629	5284
X	23790001	23800000	25.117595	9960
X	23815050	23820000	9.827910	1896
X	23820001	23830000	73.135470	9612
X	23830001	23840000	38.543584	9992
X	23840001	23850000	29.472602	9709
X	23850001	23860000	23.860149	9988
X	23860001	23870000	15.085276	8997
X	23908018	23910000	23.668616	1982
X	23910001	23920000	40.956388	6555
X	23920001	23930000	76.801810	9999
X	23953061	23960000	24.567589	6889
X	23960001	23970000	17.511313	9969
X	23970001	23980000	40.570082	7815
X	23980001	23990000	35.666471	9925
X	23990001	24000000	60.411106	9694
X	24000001	24010000	30.752174	5917
X	24010001	24020000	56.705480	9829
X	24020001	24030000	71.581457	9043
X	24040313	24050000	59.031209	9444
X	24050001	24060000	80.261201	9597
X	24085938	24090000	17.944785	3805
X	24090001	24100000	62.427025	9322
X	24100001	24110000	39.768147	9364
X	24110001	24120000	13.724270	9988
X	24120001	24130000	35.337684	8891
X	24130001	24140000	69.952716	9358
X	24140001	24150000	58.047587	9899
X	24150001	24160000	66.765605	7751
X	24160001	24170000	68.556891	9997
X	24170001	24180000	66.523987	9978
X	24180001	24190000	54.034989	9827
X	24190001	24200000	85.686187	9163
X	24221831	24230000	47.348416	7325
X	24230001	24240000	27.635820	9656
X	24240001	24250000	29.483285	9973
X	24250001	24260000	30.788046	9982
X	24260001	24270000	44.219108	9525
X	24283498	24290000	71.235538	6501
X	24290001	24300000	148.121985	7814
X	24300001	24310000	103.789375	9976
X	24310001	24320000	61.582656	7635
X	24320001	24330000	71.561964	7599
X	24330001	24340000	118.860185	9103
X	24356915	24360000	32.143759	3085
X	24360001	24370000	114.510164	8181
X	24370001	24380000	248.860787	8352
X	24380001	24390000	218.758707	9292
